{
 "cells": [
  {
   "cell_type": "code",
   "execution_count": 1,
   "metadata": {},
   "outputs": [],
   "source": [
    "import json"
   ]
  },
  {
   "cell_type": "code",
   "execution_count": 2,
   "metadata": {},
   "outputs": [],
   "source": [
    "file_path = '../data/osrm_distance_matrix.json'"
   ]
  },
  {
   "cell_type": "code",
   "execution_count": 4,
   "metadata": {},
   "outputs": [],
   "source": [
    "# Open a JSON file and load its contents into a Python dictionary\n",
    "with open(file_path, \"r\") as file:\n",
    "    data = json.load(file)"
   ]
  },
  {
   "cell_type": "code",
   "execution_count": 7,
   "metadata": {},
   "outputs": [
    {
     "data": {
      "text/plain": [
       "[[0.0,\n",
       "  53.5289,\n",
       "  117.14569999999999,\n",
       "  76.1327,\n",
       "  102.9948,\n",
       "  132.69879999999998,\n",
       "  103.9614,\n",
       "  70.8661,\n",
       "  62.8791,\n",
       "  39.612,\n",
       "  131.9956,\n",
       "  111.311,\n",
       "  116.6007,\n",
       "  98.50760000000001,\n",
       "  113.18939999999999,\n",
       "  71.1478,\n",
       "  131.9508,\n",
       "  31.3265,\n",
       "  157.3869,\n",
       "  45.4115,\n",
       "  73.6527,\n",
       "  87.7496,\n",
       "  116.8822,\n",
       "  123.2267,\n",
       "  103.262,\n",
       "  73.9666,\n",
       "  72.0033,\n",
       "  103.8198,\n",
       "  145.03320000000002],\n",
       " [53.5289,\n",
       "  0.0,\n",
       "  109.70739999999999,\n",
       "  79.4945,\n",
       "  157.0729,\n",
       "  169.4899,\n",
       "  140.767,\n",
       "  95.8095,\n",
       "  96.4586,\n",
       "  73.19160000000001,\n",
       "  163.2395,\n",
       "  144.8905,\n",
       "  123.1707,\n",
       "  132.0871,\n",
       "  144.4334,\n",
       "  96.0912,\n",
       "  156.1096,\n",
       "  25.077900000000003,\n",
       "  149.9486,\n",
       "  37.9732,\n",
       "  87.935,\n",
       "  125.6694,\n",
       "  150.4617,\n",
       "  154.47070000000002,\n",
       "  136.8415,\n",
       "  107.54610000000001,\n",
       "  96.94669999999999,\n",
       "  135.9846,\n",
       "  163.02329999999998],\n",
       " [117.14569999999999,\n",
       "  109.70739999999999,\n",
       "  0.0,\n",
       "  57.749,\n",
       "  187.2679,\n",
       "  169.93689999999998,\n",
       "  119.0216,\n",
       "  102.7374,\n",
       "  113.42410000000001,\n",
       "  106.7332,\n",
       "  141.4941,\n",
       "  132.9629,\n",
       "  101.42530000000001,\n",
       "  140.3003,\n",
       "  122.688,\n",
       "  103.01910000000001,\n",
       "  134.3642,\n",
       "  92.30789999999999,\n",
       "  60.8041,\n",
       "  71.743,\n",
       "  72.32730000000001,\n",
       "  103.924,\n",
       "  145.5504,\n",
       "  132.72529999999998,\n",
       "  142.6954,\n",
       "  145.6764,\n",
       "  103.8745,\n",
       "  114.23910000000001,\n",
       "  141.27779999999998],\n",
       " [76.1327,\n",
       "  79.4945,\n",
       "  57.749,\n",
       "  0.0,\n",
       "  129.6105,\n",
       "  112.2795,\n",
       "  61.3642,\n",
       "  45.08,\n",
       "  61.1097,\n",
       "  68.9922,\n",
       "  83.8367,\n",
       "  75.3055,\n",
       "  43.767900000000004,\n",
       "  82.6429,\n",
       "  65.03059999999999,\n",
       "  45.361599999999996,\n",
       "  76.7068,\n",
       "  62.071400000000004,\n",
       "  98.0133,\n",
       "  41.5064,\n",
       "  14.6699,\n",
       "  46.2666,\n",
       "  87.893,\n",
       "  75.0678,\n",
       "  85.0379,\n",
       "  88.019,\n",
       "  46.2171,\n",
       "  56.5817,\n",
       "  83.62039999999999],\n",
       " [102.9948,\n",
       "  157.0729,\n",
       "  187.2679,\n",
       "  129.6105,\n",
       "  0.0,\n",
       "  29.787200000000002,\n",
       "  70.619,\n",
       "  85.3567,\n",
       "  72.5989,\n",
       "  84.4105,\n",
       "  71.657,\n",
       "  54.5425,\n",
       "  85.477,\n",
       "  50.2905,\n",
       "  70.8155,\n",
       "  90.79960000000001,\n",
       "  86.12180000000001,\n",
       "  134.9071,\n",
       "  227.1504,\n",
       "  135.5966,\n",
       "  124.5179,\n",
       "  73.6034,\n",
       "  41.6952,\n",
       "  72.5522,\n",
       "  57.2586,\n",
       "  62.906800000000004,\n",
       "  84.83160000000001,\n",
       "  70.47739999999999,\n",
       "  119.86439999999999],\n",
       " [132.69879999999998,\n",
       "  169.4899,\n",
       "  169.93689999999998,\n",
       "  112.2795,\n",
       "  29.787200000000002,\n",
       "  0.0,\n",
       "  65.1516,\n",
       "  85.6519,\n",
       "  78.2614,\n",
       "  96.3595,\n",
       "  48.8106,\n",
       "  37.231199999999994,\n",
       "  68.16560000000001,\n",
       "  42.7585,\n",
       "  53.5042,\n",
       "  86.503,\n",
       "  68.8105,\n",
       "  147.3408,\n",
       "  209.8391,\n",
       "  153.33229999999998,\n",
       "  107.20660000000001,\n",
       "  73.8985,\n",
       "  24.3839,\n",
       "  55.2409,\n",
       "  39.947300000000006,\n",
       "  63.202,\n",
       "  85.1267,\n",
       "  58.076699999999995,\n",
       "  102.5531],\n",
       " [103.9614,\n",
       "  140.767,\n",
       "  119.0216,\n",
       "  61.3642,\n",
       "  70.619,\n",
       "  65.1516,\n",
       "  0.0,\n",
       "  30.022,\n",
       "  46.333,\n",
       "  64.4311,\n",
       "  37.0724,\n",
       "  28.5413,\n",
       "  17.614,\n",
       "  35.878699999999995,\n",
       "  18.266299999999998,\n",
       "  30.873099999999997,\n",
       "  35.5117,\n",
       "  123.3455,\n",
       "  159.2874,\n",
       "  102.7806,\n",
       "  56.654900000000005,\n",
       "  18.2686,\n",
       "  41.128800000000005,\n",
       "  28.3036,\n",
       "  38.2737,\n",
       "  31.2736,\n",
       "  29.4968,\n",
       "  9.8175,\n",
       "  48.5941],\n",
       " [70.8661,\n",
       "  95.8095,\n",
       "  102.7374,\n",
       "  45.08,\n",
       "  85.3567,\n",
       "  85.6519,\n",
       "  30.022,\n",
       "  0.0,\n",
       "  17.8918,\n",
       "  32.1926,\n",
       "  67.09939999999999,\n",
       "  58.5683,\n",
       "  31.5688,\n",
       "  48.284,\n",
       "  48.2933,\n",
       "  0.8541,\n",
       "  65.53869999999999,\n",
       "  82.3043,\n",
       "  143.0043,\n",
       "  57.817699999999995,\n",
       "  30.026400000000002,\n",
       "  16.8835,\n",
       "  66.6586,\n",
       "  58.3306,\n",
       "  53.0384,\n",
       "  34.209300000000006,\n",
       "  1.1372,\n",
       "  39.8445,\n",
       "  78.62110000000001],\n",
       " [62.8791,\n",
       "  96.4586,\n",
       "  113.42410000000001,\n",
       "  61.1097,\n",
       "  72.5989,\n",
       "  78.2614,\n",
       "  46.333,\n",
       "  17.8918,\n",
       "  0.0,\n",
       "  23.328200000000002,\n",
       "  74.3465,\n",
       "  53.662,\n",
       "  45.8613,\n",
       "  40.8585,\n",
       "  55.5404,\n",
       "  18.2007,\n",
       "  74.3017,\n",
       "  74.3094,\n",
       "  153.6093,\n",
       "  69.3664,\n",
       "  46.0835,\n",
       "  31.176,\n",
       "  59.2331,\n",
       "  65.5777,\n",
       "  45.613,\n",
       "  16.3176,\n",
       "  19.0562,\n",
       "  46.1708,\n",
       "  87.3841],\n",
       " [39.612,\n",
       "  73.19160000000001,\n",
       "  106.7332,\n",
       "  68.9922,\n",
       "  84.4105,\n",
       "  96.3595,\n",
       "  64.4311,\n",
       "  32.1926,\n",
       "  23.328200000000002,\n",
       "  0.0,\n",
       "  92.3835,\n",
       "  71.6989,\n",
       "  76.9887,\n",
       "  58.8955,\n",
       "  73.5774,\n",
       "  32.5302,\n",
       "  92.3387,\n",
       "  51.1061,\n",
       "  147.0122,\n",
       "  51.7956,\n",
       "  59.717,\n",
       "  49.132,\n",
       "  77.2701,\n",
       "  83.6147,\n",
       "  63.6499,\n",
       "  34.3545,\n",
       "  33.3857,\n",
       "  64.2077,\n",
       "  105.42110000000001],\n",
       " [131.9956,\n",
       "  163.2395,\n",
       "  141.4941,\n",
       "  83.8367,\n",
       "  71.657,\n",
       "  48.8106,\n",
       "  37.0724,\n",
       "  67.09939999999999,\n",
       "  74.3465,\n",
       "  92.3835,\n",
       "  0.0,\n",
       "  17.1128,\n",
       "  41.721599999999995,\n",
       "  29.9034,\n",
       "  18.8287,\n",
       "  67.964,\n",
       "  28.0656,\n",
       "  147.4532,\n",
       "  183.395,\n",
       "  126.8882,\n",
       "  80.7626,\n",
       "  56.459,\n",
       "  29.9473,\n",
       "  8.8165,\n",
       "  27.092200000000002,\n",
       "  59.2239,\n",
       "  66.5877,\n",
       "  30.015900000000002,\n",
       "  47.6517],\n",
       " [111.311,\n",
       "  144.8905,\n",
       "  132.9629,\n",
       "  75.3055,\n",
       "  54.5425,\n",
       "  37.231199999999994,\n",
       "  28.5413,\n",
       "  58.5683,\n",
       "  53.662,\n",
       "  71.6989,\n",
       "  17.1128,\n",
       "  0.0,\n",
       "  31.1762,\n",
       "  13.0241,\n",
       "  16.5148,\n",
       "  59.0354,\n",
       "  31.821099999999998,\n",
       "  122.98039999999999,\n",
       "  172.8497,\n",
       "  116.3429,\n",
       "  70.21719999999999,\n",
       "  45.913599999999995,\n",
       "  13.0679,\n",
       "  18.2515,\n",
       "  10.2128,\n",
       "  38.8416,\n",
       "  57.659099999999995,\n",
       "  21.0873,\n",
       "  59.6087],\n",
       " [116.6007,\n",
       "  123.1707,\n",
       "  101.42530000000001,\n",
       "  43.767900000000004,\n",
       "  85.477,\n",
       "  68.16560000000001,\n",
       "  17.614,\n",
       "  31.5688,\n",
       "  45.8613,\n",
       "  76.9887,\n",
       "  41.721599999999995,\n",
       "  31.1762,\n",
       "  0.0,\n",
       "  38.8927,\n",
       "  21.2803,\n",
       "  32.440799999999996,\n",
       "  32.9566,\n",
       "  105.7493,\n",
       "  141.6911,\n",
       "  85.18430000000001,\n",
       "  39.0586,\n",
       "  14.7374,\n",
       "  44.1428,\n",
       "  31.3176,\n",
       "  41.287699999999994,\n",
       "  44.268699999999995,\n",
       "  31.0645,\n",
       "  12.8315,\n",
       "  46.039],\n",
       " [98.50760000000001,\n",
       "  132.0871,\n",
       "  140.3003,\n",
       "  82.6429,\n",
       "  50.2905,\n",
       "  42.7585,\n",
       "  35.878699999999995,\n",
       "  48.284,\n",
       "  40.8585,\n",
       "  58.8955,\n",
       "  29.9034,\n",
       "  13.0241,\n",
       "  38.8927,\n",
       "  0.0,\n",
       "  29.076400000000003,\n",
       "  49.1186,\n",
       "  44.3827,\n",
       "  109.9563,\n",
       "  180.2103,\n",
       "  123.7035,\n",
       "  77.5778,\n",
       "  36.5141,\n",
       "  18.374599999999997,\n",
       "  30.8131,\n",
       "  4.7543999999999995,\n",
       "  25.8175,\n",
       "  47.7423,\n",
       "  25.7559,\n",
       "  66.9693],\n",
       " [113.18939999999999,\n",
       "  144.4334,\n",
       "  122.688,\n",
       "  65.03059999999999,\n",
       "  70.8155,\n",
       "  53.5042,\n",
       "  18.266299999999998,\n",
       "  48.2933,\n",
       "  55.5404,\n",
       "  73.5774,\n",
       "  18.8287,\n",
       "  16.5148,\n",
       "  21.2803,\n",
       "  29.076400000000003,\n",
       "  0.0,\n",
       "  49.1578,\n",
       "  21.948400000000003,\n",
       "  128.647,\n",
       "  164.5889,\n",
       "  108.08210000000001,\n",
       "  61.9564,\n",
       "  37.652800000000006,\n",
       "  29.132900000000003,\n",
       "  10.059899999999999,\n",
       "  26.2778,\n",
       "  40.417699999999996,\n",
       "  47.7815,\n",
       "  11.209700000000002,\n",
       "  49.6644],\n",
       " [71.1478,\n",
       "  96.0912,\n",
       "  103.01910000000001,\n",
       "  45.361599999999996,\n",
       "  90.79960000000001,\n",
       "  86.503,\n",
       "  30.873099999999997,\n",
       "  0.8541,\n",
       "  18.2007,\n",
       "  32.5302,\n",
       "  67.964,\n",
       "  59.0354,\n",
       "  32.440799999999996,\n",
       "  49.1186,\n",
       "  49.1578,\n",
       "  0.0,\n",
       "  66.38980000000001,\n",
       "  82.586,\n",
       "  143.286,\n",
       "  58.0994,\n",
       "  30.3081,\n",
       "  17.734599999999997,\n",
       "  67.5097,\n",
       "  59.1817,\n",
       "  53.8896,\n",
       "  34.491,\n",
       "  1.9883,\n",
       "  40.6956,\n",
       "  79.4722],\n",
       " [131.9508,\n",
       "  156.1096,\n",
       "  134.3642,\n",
       "  76.7068,\n",
       "  86.12180000000001,\n",
       "  68.8105,\n",
       "  35.5117,\n",
       "  65.53869999999999,\n",
       "  74.3017,\n",
       "  92.3387,\n",
       "  28.0656,\n",
       "  31.821099999999998,\n",
       "  32.9566,\n",
       "  44.3827,\n",
       "  21.948400000000003,\n",
       "  66.38980000000001,\n",
       "  0.0,\n",
       "  138.68810000000002,\n",
       "  174.63,\n",
       "  118.1232,\n",
       "  71.9975,\n",
       "  47.694,\n",
       "  44.4392,\n",
       "  19.325400000000002,\n",
       "  41.5841,\n",
       "  59.2475,\n",
       "  65.0404,\n",
       "  29.7841,\n",
       "  27.2424],\n",
       " [31.3265,\n",
       "  25.077900000000003,\n",
       "  92.30789999999999,\n",
       "  62.071400000000004,\n",
       "  134.9071,\n",
       "  147.3408,\n",
       "  123.3455,\n",
       "  82.3043,\n",
       "  74.3094,\n",
       "  51.1061,\n",
       "  147.4532,\n",
       "  122.98039999999999,\n",
       "  105.7493,\n",
       "  109.9563,\n",
       "  128.647,\n",
       "  82.586,\n",
       "  138.68810000000002,\n",
       "  0.0,\n",
       "  132.5579,\n",
       "  20.5825,\n",
       "  70.5443,\n",
       "  99.10310000000001,\n",
       "  128.2357,\n",
       "  137.08,\n",
       "  114.6155,\n",
       "  85.32010000000001,\n",
       "  83.3568,\n",
       "  118.59389999999999,\n",
       "  145.6326],\n",
       " [157.3869,\n",
       "  149.9486,\n",
       "  60.8041,\n",
       "  98.0133,\n",
       "  227.1504,\n",
       "  209.8391,\n",
       "  159.2874,\n",
       "  143.0043,\n",
       "  153.6093,\n",
       "  147.0122,\n",
       "  183.395,\n",
       "  172.8497,\n",
       "  141.6911,\n",
       "  180.2103,\n",
       "  164.5889,\n",
       "  143.286,\n",
       "  174.63,\n",
       "  132.5579,\n",
       "  0.0,\n",
       "  111.9441,\n",
       "  112.52839999999999,\n",
       "  144.1251,\n",
       "  185.7515,\n",
       "  172.9263,\n",
       "  182.8964,\n",
       "  185.8775,\n",
       "  144.0756,\n",
       "  154.4402,\n",
       "  148.0674],\n",
       " [45.4115,\n",
       "  37.9732,\n",
       "  71.743,\n",
       "  41.5064,\n",
       "  135.5966,\n",
       "  153.33229999999998,\n",
       "  102.7806,\n",
       "  57.817699999999995,\n",
       "  69.3664,\n",
       "  51.7956,\n",
       "  126.8882,\n",
       "  116.3429,\n",
       "  85.18430000000001,\n",
       "  123.7035,\n",
       "  108.08210000000001,\n",
       "  58.0994,\n",
       "  118.1232,\n",
       "  20.5825,\n",
       "  111.9441,\n",
       "  0.0,\n",
       "  49.961800000000004,\n",
       "  87.69619999999999,\n",
       "  129.3227,\n",
       "  116.4975,\n",
       "  126.4676,\n",
       "  86.06280000000001,\n",
       "  58.9735,\n",
       "  98.0114,\n",
       "  125.0501],\n",
       " [73.6527,\n",
       "  87.935,\n",
       "  72.32730000000001,\n",
       "  14.6699,\n",
       "  124.5179,\n",
       "  107.20660000000001,\n",
       "  56.654900000000005,\n",
       "  30.026400000000002,\n",
       "  46.0835,\n",
       "  59.717,\n",
       "  80.7626,\n",
       "  70.21719999999999,\n",
       "  39.0586,\n",
       "  77.5778,\n",
       "  61.9564,\n",
       "  30.3081,\n",
       "  71.9975,\n",
       "  70.5443,\n",
       "  112.52839999999999,\n",
       "  49.961800000000004,\n",
       "  0.0,\n",
       "  41.5748,\n",
       "  83.2012,\n",
       "  70.376,\n",
       "  80.3462,\n",
       "  83.32719999999999,\n",
       "  31.1636,\n",
       "  51.889900000000004,\n",
       "  85.0974],\n",
       " [87.7496,\n",
       "  125.6694,\n",
       "  103.924,\n",
       "  46.2666,\n",
       "  73.6034,\n",
       "  73.8985,\n",
       "  18.2686,\n",
       "  16.8835,\n",
       "  31.176,\n",
       "  49.132,\n",
       "  56.459,\n",
       "  45.913599999999995,\n",
       "  14.7374,\n",
       "  36.5141,\n",
       "  37.652800000000006,\n",
       "  17.734599999999997,\n",
       "  47.694,\n",
       "  99.10310000000001,\n",
       "  144.1251,\n",
       "  87.69619999999999,\n",
       "  41.5748,\n",
       "  0.0,\n",
       "  58.880199999999995,\n",
       "  46.055,\n",
       "  41.244,\n",
       "  26.8027,\n",
       "  16.3792,\n",
       "  27.568900000000003,\n",
       "  60.7764],\n",
       " [116.8822,\n",
       "  150.4617,\n",
       "  145.5504,\n",
       "  87.893,\n",
       "  41.6952,\n",
       "  24.3839,\n",
       "  41.128800000000005,\n",
       "  66.6586,\n",
       "  59.2331,\n",
       "  77.2701,\n",
       "  29.9473,\n",
       "  13.0679,\n",
       "  44.1428,\n",
       "  18.374599999999997,\n",
       "  29.132900000000003,\n",
       "  67.5097,\n",
       "  44.4392,\n",
       "  128.2357,\n",
       "  185.7515,\n",
       "  129.3227,\n",
       "  83.2012,\n",
       "  58.880199999999995,\n",
       "  0.0,\n",
       "  30.857,\n",
       "  15.5633,\n",
       "  44.192099999999996,\n",
       "  66.1169,\n",
       "  33.692800000000005,\n",
       "  78.1692],\n",
       " [123.2267,\n",
       "  154.47070000000002,\n",
       "  132.72529999999998,\n",
       "  75.0678,\n",
       "  72.5522,\n",
       "  55.2409,\n",
       "  28.3036,\n",
       "  58.3306,\n",
       "  65.5777,\n",
       "  83.6147,\n",
       "  8.8165,\n",
       "  18.2515,\n",
       "  31.3176,\n",
       "  30.8131,\n",
       "  10.059899999999999,\n",
       "  59.1817,\n",
       "  19.325400000000002,\n",
       "  137.08,\n",
       "  172.9263,\n",
       "  116.4975,\n",
       "  70.376,\n",
       "  46.055,\n",
       "  30.857,\n",
       "  0.0,\n",
       "  28.138,\n",
       "  50.5785,\n",
       "  57.9423,\n",
       "  21.3705,\n",
       "  40.97],\n",
       " [103.262,\n",
       "  136.8415,\n",
       "  142.6954,\n",
       "  85.0379,\n",
       "  57.2586,\n",
       "  39.947300000000006,\n",
       "  38.2737,\n",
       "  53.0384,\n",
       "  45.613,\n",
       "  63.6499,\n",
       "  27.092200000000002,\n",
       "  10.2128,\n",
       "  41.287699999999994,\n",
       "  4.7543999999999995,\n",
       "  26.2778,\n",
       "  53.8896,\n",
       "  41.5841,\n",
       "  114.6155,\n",
       "  182.8964,\n",
       "  126.4676,\n",
       "  80.3462,\n",
       "  41.244,\n",
       "  15.5633,\n",
       "  28.138,\n",
       "  0.0,\n",
       "  30.572,\n",
       "  52.4967,\n",
       "  30.8377,\n",
       "  75.31410000000001],\n",
       " [73.9666,\n",
       "  107.54610000000001,\n",
       "  145.6764,\n",
       "  88.019,\n",
       "  62.906800000000004,\n",
       "  63.202,\n",
       "  31.2736,\n",
       "  34.209300000000006,\n",
       "  16.3176,\n",
       "  34.3545,\n",
       "  59.2239,\n",
       "  38.8416,\n",
       "  44.268699999999995,\n",
       "  25.8175,\n",
       "  40.417699999999996,\n",
       "  34.491,\n",
       "  59.2475,\n",
       "  85.32010000000001,\n",
       "  185.8775,\n",
       "  86.06280000000001,\n",
       "  83.32719999999999,\n",
       "  26.8027,\n",
       "  44.192099999999996,\n",
       "  50.5785,\n",
       "  30.572,\n",
       "  0.0,\n",
       "  35.3738,\n",
       "  31.1114,\n",
       "  72.32469999999999],\n",
       " [72.0033,\n",
       "  96.94669999999999,\n",
       "  103.8745,\n",
       "  46.2171,\n",
       "  84.83160000000001,\n",
       "  85.1267,\n",
       "  29.4968,\n",
       "  1.1372,\n",
       "  19.0562,\n",
       "  33.3857,\n",
       "  66.5877,\n",
       "  57.659099999999995,\n",
       "  31.0645,\n",
       "  47.7423,\n",
       "  47.7815,\n",
       "  1.9883,\n",
       "  65.0404,\n",
       "  83.3568,\n",
       "  144.0756,\n",
       "  58.9735,\n",
       "  31.1636,\n",
       "  16.3792,\n",
       "  66.1169,\n",
       "  57.9423,\n",
       "  52.4967,\n",
       "  35.3738,\n",
       "  0.0,\n",
       "  39.319300000000005,\n",
       "  78.0959],\n",
       " [103.8198,\n",
       "  135.9846,\n",
       "  114.23910000000001,\n",
       "  56.5817,\n",
       "  70.47739999999999,\n",
       "  58.076699999999995,\n",
       "  9.8175,\n",
       "  39.8445,\n",
       "  46.1708,\n",
       "  64.2077,\n",
       "  30.015900000000002,\n",
       "  21.0873,\n",
       "  12.8315,\n",
       "  25.7559,\n",
       "  11.209700000000002,\n",
       "  40.6956,\n",
       "  29.7841,\n",
       "  118.59389999999999,\n",
       "  154.4402,\n",
       "  98.0114,\n",
       "  51.889900000000004,\n",
       "  27.568900000000003,\n",
       "  33.692800000000005,\n",
       "  21.3705,\n",
       "  30.8377,\n",
       "  31.1114,\n",
       "  39.319300000000005,\n",
       "  0.0,\n",
       "  43.024699999999996],\n",
       " [145.03320000000002,\n",
       "  163.02329999999998,\n",
       "  141.27779999999998,\n",
       "  83.62039999999999,\n",
       "  119.86439999999999,\n",
       "  102.5531,\n",
       "  48.5941,\n",
       "  78.62110000000001,\n",
       "  87.3841,\n",
       "  105.42110000000001,\n",
       "  47.6517,\n",
       "  59.6087,\n",
       "  46.039,\n",
       "  66.9693,\n",
       "  49.6644,\n",
       "  79.4722,\n",
       "  27.2424,\n",
       "  145.6326,\n",
       "  148.0674,\n",
       "  125.0501,\n",
       "  85.0974,\n",
       "  60.7764,\n",
       "  78.1692,\n",
       "  40.97,\n",
       "  75.31410000000001,\n",
       "  72.32469999999999,\n",
       "  78.0959,\n",
       "  43.024699999999996,\n",
       "  0.0]]"
      ]
     },
     "execution_count": 7,
     "metadata": {},
     "output_type": "execute_result"
    }
   ],
   "source": [
    "data['distance_matrix']"
   ]
  },
  {
   "cell_type": "code",
   "execution_count": 15,
   "metadata": {},
   "outputs": [],
   "source": [
    "origin = \"Medawachchiya\"\n",
    "destination =  \"Nochchiyagama\""
   ]
  },
  {
   "cell_type": "code",
   "execution_count": 16,
   "metadata": {},
   "outputs": [],
   "source": [
    "route_data = data['route_data']"
   ]
  },
  {
   "cell_type": "code",
   "execution_count": 18,
   "metadata": {},
   "outputs": [
    {
     "name": "stdout",
     "output_type": "stream",
     "text": [
      "{'origin': 'Nochchiyagama', 'destination': 'Medawachchiya', 'distance': 53.5289, 'path_cords': [[80.210328, 8.263934], [80.210446, 8.26367], [80.210835, 8.26385], [80.212091, 8.264438], [80.215307, 8.265912], [80.216566, 8.266473], [80.221407, 8.268629], [80.221558, 8.268697], [80.223288, 8.269467], [80.223468, 8.269547], [80.224286, 8.269912], [80.226199, 8.270763], [80.227337, 8.27127], [80.227729, 8.271445], [80.229255, 8.272022], [80.229379, 8.272069], [80.230915, 8.27265], [80.231415, 8.272839], [80.231651, 8.272929], [80.233865, 8.273768], [80.235082, 8.27423], [80.235266, 8.274296], [80.238244, 8.275423], [80.240149, 8.276143], [80.242369, 8.277001], [80.245102, 8.278057], [80.246139, 8.278457], [80.248149, 8.279233], [80.248899, 8.2795], [80.250437, 8.280046], [80.250741, 8.280116], [80.252186, 8.280394], [80.252697, 8.280489], [80.255284, 8.281525], [80.256851, 8.282153], [80.258338, 8.282718], [80.258462, 8.282765], [80.260158, 8.282791], [80.262399, 8.283674], [80.264157, 8.28434], [80.264501, 8.284393], [80.264706, 8.284393], [80.265514, 8.284284], [80.265983, 8.284334], [80.26647, 8.284428], [80.267509, 8.284798], [80.269666, 8.285666], [80.271546, 8.286499], [80.272596, 8.28765], [80.273067, 8.28797], [80.273662, 8.288216], [80.273902, 8.288313], [80.274257, 8.288466], [80.275069, 8.288819], [80.276086, 8.289236], [80.276677, 8.289482], [80.281152, 8.291515], [80.282934, 8.292377], [80.285035, 8.293522], [80.286593, 8.294253], [80.288269, 8.29504], [80.289454, 8.295596], [80.29052, 8.296099], [80.291675, 8.296644], [80.292547, 8.297056], [80.294196, 8.297834], [80.297952, 8.299606], [80.301654, 8.301412], [80.306245, 8.303563], [80.30662, 8.303782], [80.306928, 8.30405], [80.307009, 8.304166], [80.307256, 8.304611], [80.307834, 8.305224], [80.309132, 8.306118], [80.309461, 8.306278], [80.309575, 8.306301], [80.309927, 8.306296], [80.310325, 8.306051], [80.311143, 8.305472], [80.311351, 8.305379], [80.311645, 8.305317], [80.311987, 8.305287], [80.312207, 8.305292], [80.314703, 8.305676], [80.317759, 8.306108], [80.319429, 8.306366], [80.322657, 8.306889], [80.324532, 8.30723], [80.324901, 8.307297], [80.326115, 8.307494], [80.326422, 8.307542], [80.326583, 8.307567], [80.326781, 8.307598], [80.326988, 8.307618], [80.327324, 8.30765], [80.327889, 8.307725], [80.328256, 8.307832], [80.328499, 8.307928], [80.329632, 8.308741], [80.329719, 8.308804], [80.33049, 8.309338], [80.330631, 8.309446], [80.330801, 8.309576], [80.331147, 8.309902], [80.331247, 8.310007], [80.331762, 8.310547], [80.332029, 8.310691], [80.33252, 8.310777], [80.333075, 8.310745], [80.333645, 8.310743], [80.333987, 8.310825], [80.334568, 8.311105], [80.337622, 8.313068], [80.340472, 8.314785], [80.344896, 8.317562], [80.345903, 8.318215], [80.350194, 8.320933], [80.353234, 8.322808], [80.35351, 8.322977], [80.355348, 8.324111], [80.356678, 8.324942], [80.357016, 8.325133], [80.357518, 8.325465], [80.358652, 8.326181], [80.359776, 8.326832], [80.359996, 8.326991], [80.36017, 8.327099], [80.360442, 8.32726], [80.360608, 8.327301], [80.360848, 8.327348], [80.36107, 8.327346], [80.361136, 8.327345], [80.361396, 8.327307], [80.361656, 8.327238], [80.361966, 8.327155], [80.3621, 8.327116], [80.362308, 8.32705], [80.362686, 8.326951], [80.362946, 8.326883], [80.362968, 8.326876], [80.363032, 8.326854], [80.363208, 8.32681], [80.363692, 8.32668], [80.363982, 8.3266], [80.36408, 8.326571], [80.364364, 8.326502], [80.364493, 8.326469], [80.364902, 8.326371], [80.365278, 8.326256], [80.365882, 8.326134], [80.366225, 8.32604], [80.366292, 8.326021], [80.366377, 8.325995], [80.36674, 8.325884], [80.366877, 8.325847], [80.366931, 8.325832], [80.367056, 8.3258], [80.367403, 8.325707], [80.367586, 8.325659], [80.368019, 8.325536], [80.36815, 8.325497], [80.368264, 8.325464], [80.368462, 8.325416], [80.368609, 8.325383], [80.368656, 8.32537], [80.368858, 8.325316], [80.369649, 8.325089], [80.370026, 8.324985], [80.3703, 8.324918], [80.370467, 8.32487], [80.370695, 8.324808], [80.370992, 8.324729], [80.371263, 8.324647], [80.371544, 8.324565], [80.371609, 8.324542], [80.371728, 8.324499], [80.371813, 8.324465], [80.37216, 8.324325], [80.372309, 8.324268], [80.372794, 8.324077], [80.372903, 8.324026], [80.373135, 8.323928], [80.373294, 8.323862], [80.373921, 8.323614], [80.374291, 8.323467], [80.374458, 8.323401], [80.37463, 8.323332], [80.374816, 8.323255], [80.375196, 8.323093], [80.375599, 8.322931], [80.376633, 8.322577], [80.376686, 8.322559], [80.377094, 8.322422], [80.377161, 8.322402], [80.378225, 8.32205], [80.37832, 8.322019], [80.37837, 8.322002], [80.378589, 8.321929], [80.378754, 8.321875], [80.37901, 8.321783], [80.379191, 8.321717], [80.379879, 8.32149], [80.379974, 8.321457], [80.380106, 8.321412], [80.380271, 8.321357], [80.381249, 8.321015], [80.381491, 8.321005], [80.38151, 8.321011], [80.381529, 8.321013], [80.381843, 8.321293], [80.38185, 8.321316], [80.381863, 8.321336], [80.381882, 8.321351], [80.381904, 8.321361], [80.381929, 8.321363], [80.381955, 8.321357], [80.381977, 8.321345], [80.381994, 8.321326], [80.382004, 8.321302], [80.382256, 8.321255], [80.383149, 8.321192], [80.383809, 8.321144], [80.385588, 8.321032], [80.386005, 8.321027], [80.386445, 8.32101], [80.386785, 8.320989], [80.386896, 8.320987], [80.387245, 8.320963], [80.387471, 8.320955], [80.387692, 8.320937], [80.387824, 8.320926], [80.38788, 8.320922], [80.388018, 8.320913], [80.38836, 8.320877], [80.388698, 8.320835], [80.389484, 8.320693], [80.389724, 8.320654], [80.389804, 8.320645], [80.390009, 8.320622], [80.390059, 8.320616], [80.390118, 8.320607], [80.390383, 8.320569], [80.391149, 8.320466], [80.391208, 8.320458], [80.392889, 8.320239], [80.393202, 8.320199], [80.393597, 8.320217], [80.393844, 8.320291], [80.394123, 8.320434], [80.394479, 8.320753], [80.394608, 8.320868], [80.395037, 8.321307], [80.39552, 8.321822], [80.395738, 8.322067], [80.395891, 8.322248], [80.396557, 8.323041], [80.396701, 8.323215], [80.39723, 8.323852], [80.397651, 8.324355], [80.398121, 8.324918], [80.398234, 8.325079], [80.398256, 8.32511], [80.398598, 8.325622], [80.398787, 8.325957], [80.398917, 8.326192], [80.399081, 8.326477], [80.399662, 8.327649], [80.399789, 8.3279], [80.399926, 8.328161], [80.399966, 8.328243], [80.400077, 8.328467], [80.400083, 8.328478], [80.400249, 8.328813], [80.400504, 8.329201], [80.400798, 8.329566], [80.401128, 8.329908], [80.401462, 8.330213], [80.401914, 8.330623], [80.402003, 8.330704], [80.402086, 8.33079], [80.40223, 8.330938], [80.402699, 8.331513], [80.402899, 8.33188], [80.402891, 8.331911], [80.402891, 8.331942], [80.402899, 8.331972], [80.402914, 8.332], [80.402935, 8.332023], [80.402962, 8.33204], [80.402986, 8.332048], [80.403011, 8.332052], [80.403287, 8.33235], [80.40385, 8.333141], [80.404132, 8.333536], [80.404413, 8.33387], [80.404731, 8.334203], [80.404955, 8.33452], [80.405025, 8.334599], [80.405052, 8.334629], [80.405181, 8.334788], [80.405491, 8.335118], [80.405693, 8.335375], [80.406006, 8.336176], [80.40634, 8.3369], [80.406406, 8.33708], [80.406732, 8.337917], [80.406929, 8.338435], [80.407092, 8.338824], [80.407184, 8.339033], [80.407278, 8.339278], [80.407427, 8.339556], [80.407451, 8.339593], [80.407746, 8.340054], [80.407817, 8.340159], [80.408185, 8.340604], [80.408594, 8.341038], [80.408968, 8.34143], [80.409115, 8.341625], [80.409267, 8.341896], [80.409304, 8.342023], [80.409338, 8.342261], [80.409353, 8.342414], [80.409276, 8.34261], [80.409252, 8.342641], [80.409243, 8.342664], [80.40924, 8.342734], [80.409273, 8.342796], [80.409307, 8.342822], [80.409313, 8.342825], [80.409384, 8.342838], [80.409451, 8.342813], [80.409467, 8.342799], [80.409809, 8.342682], [80.410064, 8.342645], [80.41037, 8.342603], [80.410823, 8.342546], [80.41088, 8.342546], [80.410977, 8.342536], [80.411008, 8.342532], [80.411088, 8.342521], [80.411803, 8.342405], [80.411993, 8.342489], [80.412058, 8.342575], [80.412119, 8.342651], [80.412199, 8.342811], [80.41222, 8.343742], [80.412239, 8.344032], [80.412251, 8.344689], [80.412276, 8.345332], [80.41228, 8.345491], [80.412299, 8.345808], [80.412337, 8.346518], [80.412405, 8.347143], [80.412395, 8.347556], [80.412208, 8.348388], [80.412202, 8.348697], [80.412311, 8.348969], [80.413227, 8.349675], [80.413555, 8.349929], [80.413985, 8.3502], [80.4148, 8.350489], [80.415005, 8.35055], [80.415057, 8.350582], [80.415146, 8.350658], [80.415288, 8.350765], [80.415439, 8.350912], [80.416604, 8.352299], [80.416903, 8.352663], [80.417263, 8.353274], [80.417972, 8.355529], [80.417976, 8.355569], [80.417929, 8.355792], [80.417904, 8.355808], [80.417884, 8.355832], [80.417874, 8.355861], [80.417532, 8.355839], [80.416821, 8.355683], [80.416678, 8.355651], [80.416676, 8.355734], [80.416805, 8.356214], [80.416833, 8.356305], [80.417683, 8.359186], [80.418061, 8.360439], [80.418158, 8.360821], [80.418336, 8.361384], [80.418507, 8.361922], [80.418776, 8.362763], [80.418803, 8.362848], [80.418891, 8.36312], [80.418951, 8.363302], [80.419493, 8.365024], [80.419512, 8.365085], [80.419533, 8.365148], [80.420257, 8.36742], [80.420297, 8.367545], [80.420906, 8.36954], [80.421049, 8.37001], [80.421136, 8.37025], [80.421208, 8.370449], [80.421349, 8.370709], [80.421374, 8.37075], [80.421539, 8.371043], [80.42171, 8.371318], [80.421724, 8.371341], [80.42175, 8.371364], [80.421952, 8.371669], [80.422026, 8.371782], [80.422322, 8.372235], [80.4224, 8.372355], [80.42255, 8.372577], [80.422702, 8.372795], [80.422894, 8.373045], [80.423025, 8.373272], [80.42328, 8.37366], [80.423684, 8.374291], [80.423772, 8.374429], [80.423955, 8.374728], [80.424097, 8.374953], [80.424272, 8.375221], [80.424463, 8.375515], [80.424612, 8.37574], [80.424687, 8.375853], [80.42475, 8.375951], [80.425056, 8.376398], [80.425262, 8.376682], [80.425448, 8.376978], [80.425913, 8.377687], [80.426145, 8.378046], [80.426236, 8.378197], [80.426649, 8.378858], [80.426936, 8.379331], [80.427024, 8.379497], [80.427053, 8.379545], [80.42738, 8.380081], [80.427454, 8.380202], [80.427564, 8.380379], [80.427675, 8.380577], [80.42777, 8.380743], [80.428007, 8.381112], [80.428324, 8.381653], [80.428426, 8.381828], [80.428457, 8.381872], [80.428502, 8.381946], [80.428626, 8.382125], [80.428662, 8.382172], [80.428868, 8.382406], [80.429084, 8.382602], [80.429465, 8.382929], [80.429931, 8.383324], [80.430582, 8.383879], [80.430868, 8.384122], [80.431048, 8.384277], [80.431838, 8.384933], [80.432733, 8.38569], [80.433115, 8.386012], [80.434772, 8.387413], [80.43483, 8.387462], [80.43522, 8.387792], [80.435597, 8.388111], [80.436538, 8.388909], [80.436733, 8.389068], [80.436765, 8.389094], [80.43809, 8.390168], [80.438504, 8.390503], [80.438661, 8.390634], [80.439002, 8.390923], [80.441464, 8.393007], [80.442438, 8.393803], [80.442643, 8.39397], [80.443168, 8.394433], [80.443305, 8.394554], [80.445444, 8.396431], [80.446087, 8.396983], [80.447529, 8.398222], [80.448181, 8.398803], [80.448536, 8.39906], [80.448664, 8.399283], [80.448664, 8.399484], [80.448688, 8.401913], [80.448664, 8.403802], [80.448667, 8.40445], [80.448674, 8.405641], [80.448673, 8.406291], [80.448678, 8.406952], [80.448682, 8.407177], [80.448693, 8.407338], [80.448717, 8.407472], [80.44879, 8.407655], [80.448853, 8.407758], [80.448956, 8.407893], [80.449471, 8.408452], [80.450052, 8.409083], [80.450595, 8.409673], [80.450853, 8.409801], [80.452885, 8.409968], [80.453299, 8.410002], [80.45371, 8.410038], [80.453892, 8.410078], [80.454103, 8.410159], [80.454447, 8.410351], [80.454556, 8.410419], [80.455322, 8.4109], [80.455792, 8.411195], [80.456116, 8.411399], [80.456933, 8.411911], [80.457593, 8.412315], [80.458202, 8.412688], [80.459653, 8.413612], [80.459968, 8.413813], [80.461449, 8.414757], [80.462665, 8.415532], [80.465538, 8.417329], [80.467161, 8.418344], [80.467325, 8.418447], [80.468569, 8.419225], [80.469538, 8.419831], [80.469598, 8.419868], [80.470525, 8.420448], [80.4719, 8.421308], [80.471999, 8.421306], [80.475051, 8.423176], [80.475874, 8.423681], [80.476126, 8.423835], [80.476795, 8.424245], [80.477542, 8.424696], [80.48129, 8.42696], [80.483416, 8.428204], [80.483905, 8.42849], [80.486195, 8.429924], [80.491129, 8.432853], [80.491676, 8.433169], [80.494258, 8.43467], [80.494403, 8.434755], [80.496461, 8.435951], [80.496529, 8.435989], [80.499115, 8.437433], [80.499669, 8.437743], [80.499769, 8.4378], [80.501064, 8.438541], [80.501535, 8.438809], [80.502727, 8.439485], [80.503324, 8.439841], [80.503856, 8.440082], [80.504357, 8.44037], [80.504808, 8.440635], [80.50521, 8.440913], [80.505614, 8.441107], [80.50566, 8.44114], [80.505983, 8.441374], [80.50621, 8.441468], [80.506391, 8.441613], [80.506495, 8.441841], [80.506659, 8.442347], [80.506825, 8.442876], [80.506932, 8.443206], [80.507247, 8.444176], [80.507963, 8.446378], [80.508011, 8.446563], [80.508181, 8.447208], [80.508252, 8.447482], [80.508385, 8.448074], [80.508791, 8.449763], [80.508842, 8.449965], [80.50903, 8.450771], [80.509132, 8.451005], [80.509329, 8.451283], [80.509462, 8.451455], [80.50952, 8.451548], [80.50963, 8.451739], [80.510101, 8.453195], [80.510163, 8.453401], [80.510216, 8.453581], [80.510748, 8.455365], [80.511031, 8.45629], [80.511107, 8.456534], [80.511839, 8.458938], [80.512034, 8.459533], [80.512075, 8.45966], [80.512142, 8.459871], [80.5122, 8.460089], [80.512289, 8.460399], [80.512401, 8.460793], [80.512457, 8.461069], [80.512469, 8.461234], [80.512478, 8.461567], [80.512485, 8.462599], [80.512511, 8.464741], [80.512523, 8.46553], [80.51256, 8.466457], [80.512568, 8.467728], [80.512578, 8.469457], [80.512584, 8.470451], [80.512741, 8.476996], [80.512728, 8.477543], [80.512688, 8.477707], [80.512616, 8.477873], [80.512483, 8.478031], [80.512238, 8.478265], [80.510923, 8.479519], [80.509825, 8.480548], [80.50979, 8.480599], [80.509713, 8.480737], [80.509674, 8.480933], [80.509692, 8.482187], [80.509696, 8.482433], [80.509718, 8.484028], [80.509782, 8.48472], [80.509965, 8.485424], [80.510019, 8.485633], [80.510032, 8.485671], [80.510183, 8.486217], [80.510332, 8.486743], [80.510469, 8.487226], [80.510553, 8.487546], [80.510885, 8.488716], [80.510983, 8.489038], [80.511015, 8.489157], [80.511054, 8.489303], [80.511601, 8.49134], [80.511784, 8.492393], [80.51195, 8.493797], [80.511977, 8.494091], [80.511986, 8.49423], [80.511989, 8.494312], [80.512007, 8.494918], [80.512016, 8.495222], [80.512037, 8.496187], [80.512055, 8.49754], [80.512064, 8.498659], [80.512106, 8.500237], [80.512128, 8.501115], [80.512105, 8.501484], [80.512032, 8.501738], [80.511933, 8.501953], [80.511767, 8.502179], [80.511388, 8.502485], [80.510875, 8.502894], [80.510414, 8.503262], [80.508966, 8.504417], [80.508797, 8.504575], [80.50861, 8.504794], [80.508526, 8.504929], [80.507461, 8.507066], [80.50634, 8.509411], [80.506186, 8.509735], [80.506092, 8.509921], [80.506002, 8.510168], [80.505923, 8.510573], [80.505872, 8.510952], [80.505866, 8.511001], [80.505826, 8.511299], [80.50575, 8.511674], [80.505678, 8.511904], [80.505592, 8.51209], [80.505492, 8.512262], [80.505059, 8.512837], [80.504446, 8.513605], [80.504331, 8.513817], [80.503977, 8.514514], [80.503474, 8.515556], [80.50263, 8.517383], [80.502586, 8.51751], [80.50253, 8.517775], [80.502485, 8.518371], [80.502431, 8.518624], [80.502349, 8.518876], [80.502338, 8.518909], [80.501933, 8.519933], [80.501784, 8.520318], [80.500924, 8.522539], [80.500704, 8.523161], [80.500685, 8.523216], [80.500449, 8.523886], [80.500309, 8.524283], [80.500274, 8.524377], [80.500164, 8.524679], [80.499945, 8.525311], [80.49915, 8.527495], [80.499121, 8.527573], [80.498978, 8.527984], [80.498615, 8.529006], [80.498107, 8.530397], [80.49804, 8.530571], [80.497946, 8.530769], [80.497841, 8.530955], [80.497555, 8.531392], [80.497167, 8.531988], [80.496038, 8.53363], [80.496002, 8.533691], [80.495881, 8.533861], [80.495112, 8.534955], [80.495005, 8.535102], [80.494836, 8.535313], [80.494791, 8.535357], [80.494786, 8.535362], [80.494664, 8.535481], [80.49433, 8.535787], [80.49423, 8.535923], [80.494169, 8.536045], [80.494125, 8.536187], [80.494092, 8.536336], [80.494059, 8.536536], [80.494007, 8.536853], [80.493945, 8.537066], [80.49386, 8.537255], [80.493443, 8.538106], [80.49331, 8.538377], [80.493079, 8.53882]]}\n"
     ]
    }
   ],
   "source": [
    "for route in route_data:\n",
    "    if route['origin'] == origin and route['destination'] == destination:\n",
    "        print(route)\n",
    "        break\n",
    "    elif route[\"origin\"] == destination and route[\"destination\"] == origin:\n",
    "        print(route)\n",
    "        break"
   ]
  },
  {
   "cell_type": "code",
   "execution_count": 19,
   "metadata": {},
   "outputs": [],
   "source": [
    "def load_json(file_path):\n",
    "    with open(file_path, 'r') as file:\n",
    "        return json.load(file)\n",
    "\n",
    "\n",
    "def find_route(route_data, origin, destination):\n",
    "    # data = load_json(file_path)\n",
    "    # route_data = data['route_data']\n",
    "    for route in route_data:\n",
    "        if route['origin'] == origin and route['destination'] == destination:\n",
    "            return route\n",
