{
 "cells": [
  {
   "cell_type": "code",
   "execution_count": 1,
   "metadata": {},
   "outputs": [],
   "source": [
    "import pandas as pd\n",
    "from ortools.constraint_solver import routing_enums_pb2\n",
    "from ortools.constraint_solver import pywrapcp\n",
    "import requests\n",
    "import folium"
   ]
  },
  {
   "cell_type": "code",
   "execution_count": 2,
   "metadata": {},
   "outputs": [],
   "source": [
    "distance_df = pd.read_csv('../data/osrm_distance_matrix.csv', index_col=0)"
   ]
  },
  {
   "cell_type": "code",
   "execution_count": 3,
   "metadata": {},
   "outputs": [],
   "source": [
    "distance_mat = distance_matrix = distance_df.values"
   ]
  },
  {
   "cell_type": "code",
   "execution_count": 4,
   "metadata": {},
   "outputs": [],
   "source": [
    "locations = list(distance_df.index)"
   ]
  },
  {
   "cell_type": "code",
   "execution_count": 5,
   "metadata": {},
   "outputs": [
    {
     "name": "stdout",
     "output_type": "stream",
     "text": [
      "Distance Matrix (km):\n",
      "[[  0.      53.5289 117.1457  76.1327 102.9948 132.6988 103.9614  70.8661\n",
      "   62.8791  39.612  131.9956 111.311  116.6007  98.5076 113.1894  71.1478\n",
      "  131.9508  31.3265 157.3869  45.4115  73.6527  87.7496 116.8822 123.2267\n",
      "  103.262   73.9666  72.0033 103.8198]\n",
      " [ 53.5289   0.     109.7074  79.4945 157.0729 169.4899 140.767   95.8095\n",
      "   96.4586  73.1916 163.2395 144.8905 123.1707 132.0871 144.4334  96.0912\n",
      "  156.1096  25.0779 149.9486  37.9732  87.935  125.6694 150.4617 154.4707\n",
      "  136.8415 107.5461  96.9467 135.9846]\n",
      " [117.1457 109.7074   0.      57.749  187.2679 169.9369 119.0216 102.7374\n",
      "  113.4241 106.7332 141.4941 132.9629 101.4253 140.3003 122.688  103.0191\n",
      "  134.3642  92.3079  60.8041  71.743   72.3273 103.924  145.5504 132.7253\n",
      "  142.6954 145.6764 103.8745 114.2391]\n",
      " [ 76.1327  79.4945  57.749    0.     129.6105 112.2795  61.3642  45.08\n",
      "   61.1097  68.9922  83.8367  75.3055  43.7679  82.6429  65.0306  45.3616\n",
      "   76.7068  62.0714  98.0133  41.5064  14.6699  46.2666  87.893   75.0678\n",
      "   85.0379  88.019   46.2171  56.5817]\n",
      " [102.9948 157.0729 187.2679 129.6105   0.      29.7872  70.619   85.3567\n",
      "   72.5989  84.4105  71.657   54.5425  85.477   50.2905  70.8155  90.7996\n",
      "   86.1218 134.9071 227.1504 135.5966 124.5179  73.6034  41.6952  72.5522\n",
      "   57.2586  62.9068  84.8316  70.4774]\n",
      " [132.6988 169.4899 169.9369 112.2795  29.7872   0.      65.1516  85.6519\n",
      "   78.2614  96.3595  48.8106  37.2312  68.1656  42.7585  53.5042  86.503\n",
      "   68.8105 147.3408 209.8391 153.3323 107.2066  73.8985  24.3839  55.2409\n",
      "   39.9473  63.202   85.1267  58.0767]\n",
      " [103.9614 140.767  119.0216  61.3642  70.619   65.1516   0.      30.022\n",
      "   46.333   64.4311  37.0724  28.5413  17.614   35.8787  18.2663  30.8731\n",
      "   35.5117 123.3455 159.2874 102.7806  56.6549  18.2686  41.1288  28.3036\n",
      "   38.2737  31.2736  29.4968   9.8175]\n",
      " [ 70.8661  95.8095 102.7374  45.08    85.3567  85.6519  30.022    0.\n",
      "   17.8918  32.1926  67.0994  58.5683  31.5688  48.284   48.2933   0.8541\n",
      "   65.5387  82.3043 143.0043  57.8177  30.0264  16.8835  66.6586  58.3306\n",
      "   53.0384  34.2093   1.1372  39.8445]\n",
      " [ 62.8791  96.4586 113.4241  61.1097  72.5989  78.2614  46.333   17.8918\n",
      "    0.      23.3282  74.3465  53.662   45.8613  40.8585  55.5404  18.2007\n",
      "   74.3017  74.3094 153.6093  69.3664  46.0835  31.176   59.2331  65.5777\n",
      "   45.613   16.3176  19.0562  46.1708]\n",
      " [ 39.612   73.1916 106.7332  68.9922  84.4105  96.3595  64.4311  32.1926\n",
      "   23.3282   0.      92.3835  71.6989  76.9887  58.8955  73.5774  32.5302\n",
      "   92.3387  51.1061 147.0122  51.7956  59.717   49.132   77.2701  83.6147\n",
      "   63.6499  34.3545  33.3857  64.2077]\n",
      " [131.9956 163.2395 141.4941  83.8367  71.657   48.8106  37.0724  67.0994\n",
      "   74.3465  92.3835   0.      17.1128  41.7216  29.9034  18.8287  67.964\n",
      "   28.0656 147.4532 183.395  126.8882  80.7626  56.459   29.9473   8.8165\n",
      "   27.0922  59.2239  66.5877  30.0159]\n",
      " [111.311  144.8905 132.9629  75.3055  54.5425  37.2312  28.5413  58.5683\n",
      "   53.662   71.6989  17.1128   0.      31.1762  13.0241  16.5148  59.0354\n",
      "   31.8211 122.9804 172.8497 116.3429  70.2172  45.9136  13.0679  18.2515\n",
      "   10.2128  38.8416  57.6591  21.0873]\n",
      " [116.6007 123.1707 101.4253  43.7679  85.477   68.1656  17.614   31.5688\n",
      "   45.8613  76.9887  41.7216  31.1762   0.      38.8927  21.2803  32.4408\n",
      "   32.9566 105.7493 141.6911  85.1843  39.0586  14.7374  44.1428  31.3176\n",
      "   41.2877  44.2687  31.0645  12.8315]\n",
      " [ 98.5076 132.0871 140.3003  82.6429  50.2905  42.7585  35.8787  48.284\n",
      "   40.8585  58.8955  29.9034  13.0241  38.8927   0.      29.0764  49.1186\n",
      "   44.3827 109.9563 180.2103 123.7035  77.5778  36.5141  18.3746  30.8131\n",
      "    4.7544  25.8175  47.7423  25.7559]\n",
      " [113.1894 144.4334 122.688   65.0306  70.8155  53.5042  18.2663  48.2933\n",
      "   55.5404  73.5774  18.8287  16.5148  21.2803  29.0764   0.      49.1578\n",
      "   21.9484 128.647  164.5889 108.0821  61.9564  37.6528  29.1329  10.0599\n",
      "   26.2778  40.4177  47.7815  11.2097]\n",
      " [ 71.1478  96.0912 103.0191  45.3616  90.7996  86.503   30.8731   0.8541\n",
      "   18.2007  32.5302  67.964   59.0354  32.4408  49.1186  49.1578   0.\n",
      "   66.3898  82.586  143.286   58.0994  30.3081  17.7346  67.5097  59.1817\n",
      "   53.8896  34.491    1.9883  40.6956]\n",
      " [131.9508 156.1096 134.3642  76.7068  86.1218  68.8105  35.5117  65.5387\n",
      "   74.3017  92.3387  28.0656  31.8211  32.9566  44.3827  21.9484  66.3898\n",
      "    0.     138.6881 174.63   118.1232  71.9975  47.694   44.4392  19.3254\n",
      "   41.5841  59.2475  65.0404  29.7841]\n",
      " [ 31.3265  25.0779  92.3079  62.0714 134.9071 147.3408 123.3455  82.3043\n",
      "   74.3094  51.1061 147.4532 122.9804 105.7493 109.9563 128.647   82.586\n",
      "  138.6881   0.     132.5579  20.5825  70.5443  99.1031 128.2357 137.08\n",
      "  114.6155  85.3201  83.3568 118.5939]\n",
      " [157.3869 149.9486  60.8041  98.0133 227.1504 209.8391 159.2874 143.0043\n",
      "  153.6093 147.0122 183.395  172.8497 141.6911 180.2103 164.5889 143.286\n",
      "  174.63   132.5579   0.     111.9441 112.5284 144.1251 185.7515 172.9263\n",
      "  182.8964 185.8775 144.0756 154.4402]\n",
      " [ 45.4115  37.9732  71.743   41.5064 135.5966 153.3323 102.7806  57.8177\n",
      "   69.3664  51.7956 126.8882 116.3429  85.1843 123.7035 108.0821  58.0994\n",
      "  118.1232  20.5825 111.9441   0.      49.9618  87.6962 129.3227 116.4975\n",
      "  126.4676  86.0628  58.9735  98.0114]\n",
      " [ 73.6527  87.935   72.3273  14.6699 124.5179 107.2066  56.6549  30.0264\n",
      "   46.0835  59.717   80.7626  70.2172  39.0586  77.5778  61.9564  30.3081\n",
      "   71.9975  70.5443 112.5284  49.9618   0.      41.5748  83.2012  70.376\n",
      "   80.3462  83.3272  31.1636  51.8899]\n",
      " [ 87.7496 125.6694 103.924   46.2666  73.6034  73.8985  18.2686  16.8835\n",
      "   31.176   49.132   56.459   45.9136  14.7374  36.5141  37.6528  17.7346\n",
      "   47.694   99.1031 144.1251  87.6962  41.5748   0.      58.8802  46.055\n",
      "   41.244   26.8027  16.3792  27.5689]\n",
      " [116.8822 150.4617 145.5504  87.893   41.6952  24.3839  41.1288  66.6586\n",
      "   59.2331  77.2701  29.9473  13.0679  44.1428  18.3746  29.1329  67.5097\n",
      "   44.4392 128.2357 185.7515 129.3227  83.2012  58.8802   0.      30.857\n",
      "   15.5633  44.1921  66.1169  33.6928]\n",
      " [123.2267 154.4707 132.7253  75.0678  72.5522  55.2409  28.3036  58.3306\n",
      "   65.5777  83.6147   8.8165  18.2515  31.3176  30.8131  10.0599  59.1817\n",
      "   19.3254 137.08   172.9263 116.4975  70.376   46.055   30.857    0.\n",
      "   28.138   50.5785  57.9423  21.3705]\n",
      " [103.262  136.8415 142.6954  85.0379  57.2586  39.9473  38.2737  53.0384\n",
      "   45.613   63.6499  27.0922  10.2128  41.2877   4.7544  26.2778  53.8896\n",
      "   41.5841 114.6155 182.8964 126.4676  80.3462  41.244   15.5633  28.138\n",
      "    0.      30.572   52.4967  30.8377]\n",
      " [ 73.9666 107.5461 145.6764  88.019   62.9068  63.202   31.2736  34.2093\n",
      "   16.3176  34.3545  59.2239  38.8416  44.2687  25.8175  40.4177  34.491\n",
      "   59.2475  85.3201 185.8775  86.0628  83.3272  26.8027  44.1921  50.5785\n",
      "   30.572    0.      35.3738  31.1114]\n",
      " [ 72.0033  96.9467 103.8745  46.2171  84.8316  85.1267  29.4968   1.1372\n",
      "   19.0562  33.3857  66.5877  57.6591  31.0645  47.7423  47.7815   1.9883\n",
      "   65.0404  83.3568 144.0756  58.9735  31.1636  16.3792  66.1169  57.9423\n",
      "   52.4967  35.3738   0.      39.3193]\n",
      " [103.8198 135.9846 114.2391  56.5817  70.4774  58.0767   9.8175  39.8445\n",
      "   46.1708  64.2077  30.0159  21.0873  12.8315  25.7559  11.2097  40.6956\n",
      "   29.7841 118.5939 154.4402  98.0114  51.8899  27.5689  33.6928  21.3705\n",
      "   30.8377  31.1114  39.3193   0.    ]]\n",
      "\n",
      "Locations:\n",
      "['Nochchiyagama', 'Medawachchiya', 'Medirigiriya', 'Dambulla', 'Chilaw', 'Walipennagahamula', 'Wellawa', 'Polpithigama', 'Maho', 'Galgamuwa', 'Alawwa', 'Narammala', 'Ibbagamuwa', 'Katupotha', 'Pothuhera', 'Polpitigama', 'Ikiriyagolla', 'Anuradapura', 'Aralaganwila', 'Thirappane', 'Dewahuwa', 'Kumbukgate', 'Kithalawa', 'Polgahawela', 'Siyambalagaskotuwa', 'Minuwangate', 'Rambawa', 'Kurunagala']\n"
     ]
    }
   ],
   "source": [
    "# Display the matrix\n",
    "print(\"Distance Matrix (km):\")\n",
    "print(distance_matrix)\n",
    "\n",
    "print(\"\\nLocations:\")\n",
    "print(locations)"
   ]
  },
  {
   "cell_type": "code",
   "execution_count": 6,
   "metadata": {},
   "outputs": [
    {
     "name": "stdout",
     "output_type": "stream",
     "text": [
      "\n",
      "Optimal Route:\n",
      "Nochchiyagama -> Anuradapura -> Medawachchiya -> Thirappane -> Aralaganwila -> Medirigiriya -> Dambulla -> Dewahuwa -> Polpithigama -> Polpitigama -> Rambawa -> Kumbukgate -> Ibbagamuwa -> Wellawa -> Kurunagala -> Pothuhera -> Ikiriyagolla -> Polgahawela -> Alawwa -> Narammala -> Kithalawa -> Chilaw -> Walipennagahamula -> Siyambalagaskotuwa -> Katupotha -> Minuwangate -> Maho -> Galgamuwa -> Nochchiyagama\n",
      "Total Distance: 743.70 km\n"
     ]
    }
   ],
   "source": [
    "# Create Routing Index Manager\n",
    "manager = pywrapcp.RoutingIndexManager(\n",
    "    len(distance_matrix), 1, 0\n",
    ")  # Single vehicle, depot at index 0\n",
    "\n",
    "# Create Routing Model\n",
    "routing = pywrapcp.RoutingModel(manager)\n",
    "\n",
    "\n",
    "# Distance callback function\n",
    "def distance_callback(from_index, to_index):\n",
    "    from_node = manager.IndexToNode(from_index)\n",
    "    to_node = manager.IndexToNode(to_index)\n",
    "    return int(distance_matrix[from_node][to_node])\n",
    "\n",
    "\n",
    "# Register the callback\n",
    "transit_callback_index = routing.RegisterTransitCallback(distance_callback)\n",
    "routing.SetArcCostEvaluatorOfAllVehicles(transit_callback_index)\n",
    "\n",
    "# Search Parameters\n",
    "search_parameters = pywrapcp.DefaultRoutingSearchParameters()\n",
    "search_parameters.first_solution_strategy = (\n",
    "    routing_enums_pb2.FirstSolutionStrategy.PATH_CHEAPEST_ARC\n",
    ")\n",
    "\n",
    "# Solve\n",
    "solution = routing.SolveWithParameters(search_parameters)\n",
    "\n",
    "# Print solution with total distance\n",
    "if solution:\n",
    "    print(\"\\nOptimal Route:\")\n",
    "    index = routing.Start(0)\n",
    "    total_distance = 0\n",
    "    route_order = []\n",
    "\n",
    "    while not routing.IsEnd(index):\n",
    "        route_order.append(locations[manager.IndexToNode(index)])\n",
    "        next_index = solution.Value(routing.NextVar(index))\n",
    "        total_distance += distance_matrix[manager.IndexToNode(index)][\n",
    "            manager.IndexToNode(next_index)\n",
    "        ]\n",
    "        index = next_index\n",
    "\n",
    "    route_order.append(locations[manager.IndexToNode(index)])  # Return to depot\n",
    "\n",
    "    print(\" -> \".join(route_order))\n",
    "    print(f\"Total Distance: {total_distance:.2f} km\")\n",
    "else:\n",
    "    print(\"No solution found.\")"
   ]
  },
  {
   "cell_type": "code",
   "execution_count": 7,
   "metadata": {},
   "outputs": [],
   "source": [
    "gps_df = pd.read_csv('../data/data_gps.csv')"
   ]
  },
  {
   "cell_type": "code",
   "execution_count": 8,
   "metadata": {},
   "outputs": [],
   "source": [
    "unique_locations = gps_df.drop_duplicates(subset=[\"ADDRESS\"])[\n",
    "    [\"ADDRESS\", \"LATITUDE\", \"LONGITUDE\"]\n",
    "]"
   ]
  },
  {
   "cell_type": "code",
   "execution_count": 9,
   "metadata": {},
   "outputs": [
    {
     "data": {
      "text/plain": [
       "'Medawachchiya'"
      ]
     },
     "execution_count": 9,
     "metadata": {},
     "output_type": "execute_result"
    }
   ],
   "source": [
    "unique_locations.iloc[1][\"ADDRESS\"]"
   ]
  },
  {
   "cell_type": "code",
   "execution_count": 10,
   "metadata": {},
   "outputs": [],
   "source": [
    "towns = {\n",
    "    unique_locations.iloc[i][\"ADDRESS\"]: [\n",
    "        unique_locations.iloc[i][\"LATITUDE\"],\n",
    "        unique_locations.iloc[i][\"LONGITUDE\"],\n",
    "    ]\n",
    "    for i in range(len(unique_locations))\n",
    "}"
   ]
  },
  {
   "cell_type": "code",
   "execution_count": 11,
   "metadata": {},
   "outputs": [
    {
     "data": {
      "text/plain": [
       "{'Nochchiyagama': [8.2640142, 80.2105099],\n",
       " 'Medawachchiya': [8.5387775, 80.492996],\n",
       " 'Medirigiriya': [8.1423253, 80.971342],\n",
       " 'Dambulla': [7.8742031, 80.6510917],\n",
       " 'Chilaw': [7.5765074, 79.7956755],\n",
       " 'Walipennagahamula': [7.4307776, 79.9298775],\n",
       " 'Wellawa': [7.5581214, 80.3664063],\n",
       " 'Polpithigama': [7.8172167, 80.4049605],\n",
       " 'Maho': [7.8239143, 80.273567],\n",
       " 'Galgamuwa': [7.9956682, 80.2706117],\n",
       " 'Alawwa': [7.2933377, 80.2387243],\n",
       " 'Narammala': [7.43073, 80.2143788],\n",
       " 'Ibbagamuwa': [7.5479128, 80.4496417],\n",
       " 'Katupotha': [7.53362, 80.1875737],\n",
       " 'Pothuhera': [7.4198002, 80.3282461],\n",
       " 'Polpitigama': [7.8204405, 80.4009071],\n",
       " 'Ikiriyagolla': [7.3374134, 80.4016614],\n",
       " 'Anuradapura': [8.3681682, 80.43998206],\n",
       " 'Aralaganwila': [7.782607, 81.184693],\n",
       " 'Thirappane': [8.2157151, 80.5229819],\n",
       " 'Dewahuwa': [7.8456614, 80.5737567],\n",
       " 'Kumbukgate': [7.6760968, 80.424747],\n",
       " 'Kithalawa': [7.4607943, 80.109762],\n",
       " 'Polgahawela': [7.3352583, 80.3002463],\n",
       " 'Siyambalagaskotuwa': [7.4980356, 80.1816287],\n",
       " 'Minuwangate': [7.7043036, 80.2471717],\n",
       " 'Rambawa': [7.809767, 80.3996726],\n",
       " 'Kurunagala': [7.4959317, 80.36193006]}"
      ]
     },
     "execution_count": 11,
     "metadata": {},
     "output_type": "execute_result"
    }
   ],
   "source": [
    "towns"
   ]
  },
  {
   "cell_type": "code",
   "execution_count": 12,
   "metadata": {},
   "outputs": [],
   "source": [
    "# Function to fetch actual road path using OSRM\n",
    "def get_actual_road_path(town_coords):\n",
    "    \"\"\"\n",
    "    Fetch the actual road path from OSRM API.\n",
    "    :param town_coords: List of coordinates for the towns in the route.\n",
    "    :return: GeoJSON road path coordinates.\n",
    "    \"\"\"\n",
    "    # Format coordinates for OSRM API\n",
    "    coords = \";\".join([f\"{lon},{lat}\" for lat, lon in town_coords])\n",
    "\n",
    "    # OSRM API URL\n",
    "    url = f\"http://router.project-osrm.org/route/v1/car/{coords}?overview=full&geometries=geojson\"\n",
    "\n",
    "    # Make the API request\n",
    "    response = requests.get(url)\n",
    "    if response.status_code == 200:\n",
    "        data = response.json()\n",
    "        if \"routes\" in data and len(data[\"routes\"]) > 0:\n",
    "            coordinates = data[\"routes\"][0][\"geometry\"][\"coordinates\"]\n",
    "            print(coordinates)\n",
    "            return coordinates\n",
    "    return None\n",
    "\n",
    "\n",
    "# Visualize routes\n",
    "def visualize_routes(route, towns):\n",
    "    \"\"\"\n",
    "    Visualize the actual road path on a map.\n",
    "    :param route: List of town names in the route.\n",
    "    :param towns: Dictionary of town names and their coordinates.\n",
    "    :return: Folium map object.\n",
    "    \"\"\"\n",
    "    # Create a base map centered around Kiribathkumbura\n",
    "    kiribathkumbura_coords = towns[\"Nochchiyagama\"]\n",
    "    folium_map = folium.Map(location=kiribathkumbura_coords, zoom_start=10)\n",
    "\n",
    "    # Get coordinates for the towns in the route\n",
    "    route_coords = [towns[town] for town in route]\n",
    "    \n",
    "\n",
    "    # Fetch the actual road path\n",
    "    road_path = get_actual_road_path(route_coords)\n",
    "    print(road_path)\n",
    "\n",
    "    # Plot the road path on the map\n",
    "    if road_path:\n",
    "        folium.PolyLine(\n",
    "            [(lat, lon) for lon, lat in road_path], color=\"blue\", weight=5, opacity=0.7\n",
    "        ).add_to(folium_map)\n",
    "    else:\n",
    "        print(\"Could not fetch road path from OSRM.\")\n",
    "\n",
    "    # Add markers for each town\n",
    "    for town in route:\n",
    "        coord = towns[town]\n",
    "        folium.Marker(location=coord, popup=town).add_to(folium_map)\n",
    "\n",
    "    return folium_map"
   ]
  },
  {
   "cell_type": "code",
   "execution_count": 14,
   "metadata": {},
   "outputs": [
    {
     "data": {
      "text/plain": [
       "['Nochchiyagama',\n",
       " 'Anuradapura',\n",
       " 'Medawachchiya',\n",
       " 'Thirappane',\n",
       " 'Aralaganwila',\n",
       " 'Medirigiriya',\n",
       " 'Dambulla',\n",
       " 'Dewahuwa',\n",
       " 'Polpithigama',\n",
       " 'Polpitigama',\n",
       " 'Rambawa',\n",
       " 'Kumbukgate',\n",
       " 'Ibbagamuwa',\n",
       " 'Wellawa',\n",
       " 'Kurunagala',\n",
       " 'Pothuhera',\n",
       " 'Ikiriyagolla',\n",
       " 'Polgahawela',\n",
       " 'Alawwa',\n",
       " 'Narammala',\n",
       " 'Kithalawa',\n",
       " 'Chilaw',\n",
       " 'Walipennagahamula',\n",
       " 'Siyambalagaskotuwa',\n",
       " 'Katupotha',\n",
       " 'Minuwangate',\n",
       " 'Maho',\n",
       " 'Galgamuwa',\n",
       " 'Nochchiyagama']"
      ]
     },
     "execution_count": 14,
     "metadata": {},
     "output_type": "execute_result"
    }
   ],
   "source": [
    "route_order"
   ]
  },
  {
   "cell_type": "code",
   "execution_count": 15,
   "metadata": {},
   "outputs": [
    {
     "name": "stdout",
     "output_type": "stream",
     "text": [
      "[[80.210328, 8.263934], [80.210446, 8.26367], [80.210835, 8.26385], [80.212091, 8.264438], [80.215307, 8.265912], [80.216566, 8.266473], [80.221407, 8.268629], [80.221558, 8.268697], [80.223288, 8.269467], [80.223468, 8.269547], [80.224286, 8.269912], [80.226199, 8.270763], [80.227337, 8.27127], [80.227729, 8.271445], [80.229255, 8.272022], [80.229379, 8.272069], [80.230915, 8.27265], [80.231415, 8.272839], [80.231651, 8.272929], [80.233865, 8.273768], [80.235082, 8.27423], [80.235266, 8.274296], [80.238244, 8.275423], [80.240149, 8.276143], [80.242369, 8.277001], [80.245102, 8.278057], [80.246139, 8.278457], [80.248149, 8.279233], [80.248899, 8.2795], [80.250437, 8.280046], [80.250741, 8.280116], [80.252186, 8.280394], [80.252697, 8.280489], [80.255284, 8.281525], [80.256851, 8.282153], [80.258338, 8.282718], [80.258462, 8.282765], [80.260158, 8.282791], [80.262399, 8.283674], [80.264157, 8.28434], [80.264501, 8.284393], [80.264706, 8.284393], [80.265514, 8.284284], [80.265983, 8.284334], [80.26647, 8.284428], [80.267509, 8.284798], [80.269666, 8.285666], [80.271546, 8.286499], [80.272596, 8.28765], [80.273067, 8.28797], [80.273662, 8.288216], [80.273902, 8.288313], [80.274257, 8.288466], [80.275069, 8.288819], [80.276086, 8.289236], [80.276677, 8.289482], [80.281152, 8.291515], [80.282934, 8.292377], [80.285035, 8.293522], [80.286593, 8.294253], [80.288269, 8.29504], [80.289454, 8.295596], [80.29052, 8.296099], [80.291675, 8.296644], [80.292547, 8.297056], [80.294196, 8.297834], [80.297952, 8.299606], [80.301654, 8.301412], [80.306245, 8.303563], [80.30662, 8.303782], [80.306928, 8.30405], [80.307009, 8.304166], [80.307256, 8.304611], [80.307834, 8.305224], [80.309132, 8.306118], [80.309461, 8.306278], [80.309575, 8.306301], [80.309927, 8.306296], [80.310325, 8.306051], [80.311143, 8.305472], [80.311351, 8.305379], [80.311645, 8.305317], [80.311987, 8.305287], [80.312207, 8.305292], [80.314703, 8.305676], [80.317759, 8.306108], [80.319429, 8.306366], [80.322657, 8.306889], [80.324532, 8.30723], [80.324901, 8.307297], [80.326115, 8.307494], [80.326422, 8.307542], [80.326583, 8.307567], [80.326781, 8.307598], [80.326988, 8.307618], [80.327324, 8.30765], [80.327889, 8.307725], [80.328256, 8.307832], [80.328499, 8.307928], [80.329632, 8.308741], [80.329719, 8.308804], [80.33049, 8.309338], [80.330631, 8.309446], [80.330801, 8.309576], [80.331147, 8.309902], [80.331247, 8.310007], [80.331762, 8.310547], [80.332029, 8.310691], [80.33252, 8.310777], [80.333075, 8.310745], [80.333645, 8.310743], [80.333987, 8.310825], [80.334568, 8.311105], [80.337622, 8.313068], [80.340472, 8.314785], [80.344896, 8.317562], [80.345903, 8.318215], [80.350194, 8.320933], [80.353234, 8.322808], [80.35351, 8.322977], [80.355348, 8.324111], [80.356678, 8.324942], [80.357016, 8.325133], [80.357518, 8.325465], [80.358652, 8.326181], [80.359776, 8.326832], [80.359996, 8.326991], [80.36017, 8.327099], [80.360442, 8.32726], [80.360608, 8.327301], [80.360848, 8.327348], [80.36107, 8.327346], [80.361136, 8.327345], [80.361396, 8.327307], [80.361656, 8.327238], [80.361966, 8.327155], [80.3621, 8.327116], [80.362308, 8.32705], [80.362686, 8.326951], [80.362946, 8.326883], [80.362968, 8.326876], [80.363032, 8.326854], [80.363208, 8.32681], [80.363692, 8.32668], [80.363982, 8.3266], [80.36408, 8.326571], [80.364364, 8.326502], [80.364493, 8.326469], [80.364902, 8.326371], [80.365278, 8.326256], [80.365882, 8.326134], [80.366225, 8.32604], [80.366292, 8.326021], [80.366377, 8.325995], [80.36674, 8.325884], [80.366877, 8.325847], [80.366931, 8.325832], [80.367056, 8.3258], [80.367403, 8.325707], [80.367586, 8.325659], [80.368019, 8.325536], [80.36815, 8.325497], [80.368264, 8.325464], [80.368462, 8.325416], [80.368609, 8.325383], [80.368656, 8.32537], [80.368858, 8.325316], [80.369649, 8.325089], [80.370026, 8.324985], [80.3703, 8.324918], [80.370467, 8.32487], [80.370695, 8.324808], [80.370992, 8.324729], [80.371263, 8.324647], [80.371544, 8.324565], [80.371609, 8.324542], [80.371728, 8.324499], [80.371813, 8.324465], [80.37216, 8.324325], [80.372309, 8.324268], [80.372794, 8.324077], [80.372903, 8.324026], [80.373135, 8.323928], [80.373294, 8.323862], [80.373921, 8.323614], [80.374291, 8.323467], [80.374458, 8.323401], [80.37463, 8.323332], [80.374816, 8.323255], [80.375196, 8.323093], [80.375599, 8.322931], [80.376633, 8.322577], [80.376686, 8.322559], [80.377094, 8.322422], [80.377161, 8.322402], [80.378225, 8.32205], [80.37832, 8.322019], [80.37837, 8.322002], [80.378589, 8.321929], [80.378754, 8.321875], [80.37901, 8.321783], [80.379191, 8.321717], [80.379879, 8.32149], [80.379974, 8.321457], [80.380106, 8.321412], [80.380271, 8.321357], [80.381249, 8.321015], [80.381491, 8.321005], [80.38151, 8.321011], [80.381529, 8.321013], [80.381843, 8.321293], [80.38185, 8.321316], [80.381863, 8.321336], [80.381882, 8.321351], [80.381904, 8.321361], [80.381929, 8.321363], [80.381955, 8.321357], [80.381977, 8.321345], [80.381994, 8.321326], [80.382004, 8.321302], [80.382256, 8.321255], [80.383149, 8.321192], [80.383809, 8.321144], [80.385588, 8.321032], [80.386005, 8.321027], [80.386445, 8.32101], [80.386785, 8.320989], [80.386896, 8.320987], [80.387245, 8.320963], [80.387471, 8.320955], [80.387692, 8.320937], [80.387824, 8.320926], [80.38788, 8.320922], [80.388018, 8.320913], [80.38836, 8.320877], [80.388698, 8.320835], [80.389484, 8.320693], [80.389724, 8.320654], [80.389804, 8.320645], [80.390009, 8.320622], [80.390059, 8.320616], [80.390118, 8.320607], [80.390383, 8.320569], [80.391149, 8.320466], [80.391208, 8.320458], [80.392889, 8.320239], [80.393202, 8.320199], [80.393597, 8.320217], [80.393844, 8.320291], [80.394123, 8.320434], [80.394479, 8.320753], [80.394608, 8.320868], [80.395037, 8.321307], [80.39552, 8.321822], [80.395738, 8.322067], [80.395891, 8.322248], [80.396557, 8.323041], [80.396701, 8.323215], [80.39723, 8.323852], [80.397651, 8.324355], [80.398121, 8.324918], [80.398234, 8.325079], [80.398256, 8.32511], [80.398598, 8.325622], [80.398787, 8.325957], [80.398917, 8.326192], [80.399081, 8.326477], [80.399662, 8.327649], [80.399789, 8.3279], [80.399926, 8.328161], [80.399966, 8.328243], [80.400077, 8.328467], [80.400083, 8.328478], [80.400249, 8.328813], [80.400504, 8.329201], [80.400798, 8.329566], [80.401128, 8.329908], [80.401462, 8.330213], [80.401914, 8.330623], [80.402003, 8.330704], [80.402086, 8.33079], [80.40223, 8.330938], [80.402699, 8.331513], [80.402899, 8.33188], [80.402891, 8.331911], [80.402891, 8.331942], [80.402899, 8.331972], [80.402914, 8.332], [80.402935, 8.332023], [80.402962, 8.33204], [80.402986, 8.332048], [80.403011, 8.332052], [80.403287, 8.33235], [80.40385, 8.333141], [80.404132, 8.333536], [80.404413, 8.33387], [80.404731, 8.334203], [80.404955, 8.33452], [80.405025, 8.334599], [80.405052, 8.334629], [80.405181, 8.334788], [80.405491, 8.335118], [80.405693, 8.335375], [80.406006, 8.336176], [80.40634, 8.3369], [80.406406, 8.33708], [80.406732, 8.337917], [80.406929, 8.338435], [80.407092, 8.338824], [80.407184, 8.339033], [80.407278, 8.339278], [80.407427, 8.339556], [80.407451, 8.339593], [80.407746, 8.340054], [80.407817, 8.340159], [80.408185, 8.340604], [80.408594, 8.341038], [80.408968, 8.34143], [80.409115, 8.341625], [80.409267, 8.341896], [80.409304, 8.342023], [80.409338, 8.342261], [80.409353, 8.342414], [80.409276, 8.34261], [80.409252, 8.342641], [80.409243, 8.342664], [80.40924, 8.342734], [80.409273, 8.342796], [80.409307, 8.342822], [80.409313, 8.342825], [80.409384, 8.342838], [80.409451, 8.342813], [80.409467, 8.342799], [80.409809, 8.342682], [80.410064, 8.342645], [80.41037, 8.342603], [80.410823, 8.342546], [80.41088, 8.342546], [80.410977, 8.342536], [80.411008, 8.342532], [80.411088, 8.342521], [80.411803, 8.342405], [80.411993, 8.342489], [80.412058, 8.342575], [80.412119, 8.342651], [80.412199, 8.342811], [80.41222, 8.343742], [80.412239, 8.344032], [80.412251, 8.344689], [80.412276, 8.345332], [80.41228, 8.345491], [80.412299, 8.345808], [80.412337, 8.346518], [80.412405, 8.347143], [80.412395, 8.347556], [80.412208, 8.348388], [80.412202, 8.348697], [80.412311, 8.348969], [80.413227, 8.349675], [80.413555, 8.349929], [80.413985, 8.3502], [80.4148, 8.350489], [80.415005, 8.35055], [80.415057, 8.350582], [80.415146, 8.350658], [80.415288, 8.350765], [80.415439, 8.350912], [80.416604, 8.352299], [80.416903, 8.352663], [80.417263, 8.353274], [80.417972, 8.355529], [80.417976, 8.355569], [80.417929, 8.355792], [80.417904, 8.355808], [80.417884, 8.355832], [80.417874, 8.355861], [80.417874, 8.355891], [80.417883, 8.35592], [80.417902, 8.355945], [80.417928, 8.355962], [80.417958, 8.35597], [80.417989, 8.355968], [80.418254, 8.35599], [80.419511, 8.356191], [80.420189, 8.356302], [80.42052, 8.356364], [80.421639, 8.35655], [80.422155, 8.356594], [80.422351, 8.356573], [80.422625, 8.356484], [80.42286, 8.356326], [80.42327, 8.355993], [80.42367, 8.355741], [80.423837, 8.355634], [80.424077, 8.355498], [80.424172, 8.355459], [80.424207, 8.355445], [80.424269, 8.355428], [80.424337, 8.355419], [80.424686, 8.355419], [80.424843, 8.355417], [80.424997, 8.355399], [80.425948, 8.355159], [80.426278, 8.355099], [80.426652, 8.355049], [80.426835, 8.355024], [80.427011, 8.35498], [80.427214, 8.354906], [80.427619, 8.354748], [80.42795, 8.354598], [80.428292, 8.354484], [80.428541, 8.354409], [80.43004, 8.353998], [80.430371, 8.353904], [80.430551, 8.353881], [80.431669, 8.353946], [80.43291, 8.354006], [80.434263, 8.354084], [80.434222, 8.355309], [80.434231, 8.355497], [80.434212, 8.356329], [80.434193, 8.357149], [80.434187, 8.357408], [80.434191, 8.357855], [80.434182, 8.358207], [80.434176, 8.358305], [80.434147, 8.358787], [80.434154, 8.359101], [80.43416, 8.35919], [80.434129, 8.359412], [80.434132, 8.360235], [80.434104, 8.360476], [80.434053, 8.360632], [80.433984, 8.361034], [80.433812, 8.361558], [80.434584, 8.362078], [80.434889, 8.362284], [80.435546, 8.362743], [80.436053, 8.363112], [80.436205, 8.363224], [80.436267, 8.363247], [80.436573, 8.363449], [80.437108, 8.363835], [80.437265, 8.363948], [80.437903, 8.364409], [80.438003, 8.364471], [80.438411, 8.364641], [80.438048, 8.365004], [80.437691, 8.36557], [80.437402, 8.365968], [80.437273, 8.366143], [80.437198, 8.366477], [80.43712, 8.366872], [80.437064, 8.366907], [80.436806, 8.366902], [80.436742, 8.367024], [80.436487, 8.367789], [80.436833, 8.367925], [80.43711, 8.367989], [80.437777, 8.367936], [80.438003, 8.367891], [80.4383, 8.367989], [80.438944, 8.368262], [80.43899, 8.36831], [80.43899, 8.36831], [80.438995, 8.368411], [80.438939, 8.368538], [80.438606, 8.369072], [80.43837, 8.369656], [80.438218, 8.369575], [80.437858, 8.37085], [80.437716, 8.37236], [80.437796, 8.373125], [80.436946, 8.373451], [80.436591, 8.373605], [80.436248, 8.373785], [80.436242, 8.373788], [80.43617, 8.373826], [80.436136, 8.373844], [80.436454, 8.374427], [80.436515, 8.374494], [80.437142, 8.374989], [80.437898, 8.375621], [80.437965, 8.375681], [80.438099, 8.375915], [80.438962, 8.37727], [80.439186, 8.377677], [80.439226, 8.377898], [80.43923, 8.377957], [80.439219, 8.378501], [80.439183, 8.378626], [80.439131, 8.378744], [80.438834, 8.378976], [80.438413, 8.379199], [80.437832, 8.379336], [80.437182, 8.37953], [80.436195, 8.379832], [80.435927, 8.379962], [80.435766, 8.380113], [80.435039, 8.381013], [80.434889, 8.381138], [80.43475, 8.381158], [80.434545, 8.381054], [80.434216, 8.380786], [80.433837, 8.38057], [80.433572, 8.380464], [80.433279, 8.380443], [80.433222, 8.380434], [80.433222, 8.380442], [80.43322, 8.380523], [80.43322, 8.380554], [80.43321, 8.380603], [80.433171, 8.381187], [80.433163, 8.381307], [80.433364, 8.381682], [80.433412, 8.38194], [80.433399, 8.382709], [80.433428, 8.382897], [80.433499, 8.383154], [80.433497, 8.383442], [80.433358, 8.38408], [80.433391, 8.3842], [80.433424, 8.38423], [80.43343, 8.384386], [80.433494, 8.384581], [80.433518, 8.384766], [80.433533, 8.385025], [80.433548, 8.385244], [80.433538, 8.385352], [80.433529, 8.385531], [80.433266, 8.385826], [80.433115, 8.386012], [80.434772, 8.387413], [80.43483, 8.387462], [80.43522, 8.387792], [80.435597, 8.388111], [80.436538, 8.388909], [80.436733, 8.389068], [80.436765, 8.389094], [80.43809, 8.390168], [80.438504, 8.390503], [80.438661, 8.390634], [80.439002, 8.390923], [80.441464, 8.393007], [80.442438, 8.393803], [80.442643, 8.39397], [80.443168, 8.394433], [80.443305, 8.394554], [80.445444, 8.396431], [80.446087, 8.396983], [80.447529, 8.398222], [80.448181, 8.398803], [80.448536, 8.39906], [80.448664, 8.399283], [80.448664, 8.399484], [80.448688, 8.401913], [80.448664, 8.403802], [80.448667, 8.40445], [80.448674, 8.405641], [80.448673, 8.406291], [80.448678, 8.406952], [80.448682, 8.407177], [80.448693, 8.407338], [80.448717, 8.407472], [80.44879, 8.407655], [80.448853, 8.407758], [80.448956, 8.407893], [80.449471, 8.408452], [80.450052, 8.409083], [80.450595, 8.409673], [80.450853, 8.409801], [80.452885, 8.409968], [80.453299, 8.410002], [80.45371, 8.410038], [80.453892, 8.410078], [80.454103, 8.410159], [80.454447, 8.410351], [80.454556, 8.410419], [80.455322, 8.4109], [80.455792, 8.411195], [80.456116, 8.411399], [80.456933, 8.411911], [80.457593, 8.412315], [80.458202, 8.412688], [80.459653, 8.413612], [80.459968, 8.413813], [80.461449, 8.414757], [80.462665, 8.415532], [80.465538, 8.417329], [80.467161, 8.418344], [80.467325, 8.418447], [80.468569, 8.419225], [80.469538, 8.419831], [80.469598, 8.419868], [80.470525, 8.420448], [80.4719, 8.421308], [80.471999, 8.421306], [80.475051, 8.423176], [80.475874, 8.423681], [80.476126, 8.423835], [80.476795, 8.424245], [80.477542, 8.424696], [80.48129, 8.42696], [80.483416, 8.428204], [80.483905, 8.42849], [80.486195, 8.429924], [80.491129, 8.432853], [80.491676, 8.433169], [80.494258, 8.43467], [80.494403, 8.434755], [80.496461, 8.435951], [80.496529, 8.435989], [80.499115, 8.437433], [80.499669, 8.437743], [80.499769, 8.4378], [80.501064, 8.438541], [80.501535, 8.438809], [80.502727, 8.439485], [80.503324, 8.439841], [80.503856, 8.440082], [80.504357, 8.44037], [80.504808, 8.440635], [80.50521, 8.440913], [80.505614, 8.441107], [80.50566, 8.44114], [80.505983, 8.441374], [80.50621, 8.441468], [80.506391, 8.441613], [80.506495, 8.441841], [80.506659, 8.442347], [80.506825, 8.442876], [80.506932, 8.443206], [80.507247, 8.444176], [80.507963, 8.446378], [80.508011, 8.446563], [80.508181, 8.447208], [80.508252, 8.447482], [80.508385, 8.448074], [80.508791, 8.449763], [80.508842, 8.449965], [80.50903, 8.450771], [80.509132, 8.451005], [80.509329, 8.451283], [80.509462, 8.451455], [80.50952, 8.451548], [80.50963, 8.451739], [80.510101, 8.453195], [80.510163, 8.453401], [80.510216, 8.453581], [80.510748, 8.455365], [80.511031, 8.45629], [80.511107, 8.456534], [80.511839, 8.458938], [80.512034, 8.459533], [80.512075, 8.45966], [80.512142, 8.459871], [80.5122, 8.460089], [80.512289, 8.460399], [80.512401, 8.460793], [80.512457, 8.461069], [80.512469, 8.461234], [80.512478, 8.461567], [80.512485, 8.462599], [80.512511, 8.464741], [80.512523, 8.46553], [80.51256, 8.466457], [80.512568, 8.467728], [80.512578, 8.469457], [80.512584, 8.470451], [80.512741, 8.476996], [80.512728, 8.477543], [80.512688, 8.477707], [80.512616, 8.477873], [80.512483, 8.478031], [80.512238, 8.478265], [80.510923, 8.479519], [80.509825, 8.480548], [80.50979, 8.480599], [80.509713, 8.480737], [80.509674, 8.480933], [80.509692, 8.482187], [80.509696, 8.482433], [80.509718, 8.484028], [80.509782, 8.48472], [80.509965, 8.485424], [80.510019, 8.485633], [80.510032, 8.485671], [80.510183, 8.486217], [80.510332, 8.486743], [80.510469, 8.487226], [80.510553, 8.487546], [80.510885, 8.488716], [80.510983, 8.489038], [80.511015, 8.489157], [80.511054, 8.489303], [80.511601, 8.49134], [80.511784, 8.492393], [80.51195, 8.493797], [80.511977, 8.494091], [80.511986, 8.49423], [80.511989, 8.494312], [80.512007, 8.494918], [80.512016, 8.495222], [80.512037, 8.496187], [80.512055, 8.49754], [80.512064, 8.498659], [80.512106, 8.500237], [80.512128, 8.501115], [80.512105, 8.501484], [80.512032, 8.501738], [80.511933, 8.501953], [80.511767, 8.502179], [80.511388, 8.502485], [80.510875, 8.502894], [80.510414, 8.503262], [80.508966, 8.504417], [80.508797, 8.504575], [80.50861, 8.504794], [80.508526, 8.504929], [80.507461, 8.507066], [80.50634, 8.509411], [80.506186, 8.509735], [80.506092, 8.509921], [80.506002, 8.510168], [80.505923, 8.510573], [80.505872, 8.510952], [80.505866, 8.511001], [80.505826, 8.511299], [80.50575, 8.511674], [80.505678, 8.511904], [80.505592, 8.51209], [80.505492, 8.512262], [80.505059, 8.512837], [80.504446, 8.513605], [80.504331, 8.513817], [80.503977, 8.514514], [80.503474, 8.515556], [80.50263, 8.517383], [80.502586, 8.51751], [80.50253, 8.517775], [80.502485, 8.518371], [80.502431, 8.518624], [80.502349, 8.518876], [80.502338, 8.518909], [80.501933, 8.519933], [80.501784, 8.520318], [80.500924, 8.522539], [80.500704, 8.523161], [80.500685, 8.523216], [80.500449, 8.523886], [80.500309, 8.524283], [80.500274, 8.524377], [80.500164, 8.524679], [80.499945, 8.525311], [80.49915, 8.527495], [80.499121, 8.527573], [80.498978, 8.527984], [80.498615, 8.529006], [80.498107, 8.530397], [80.49804, 8.530571], [80.497946, 8.530769], [80.497841, 8.530955], [80.497555, 8.531392], [80.497167, 8.531988], [80.496038, 8.53363], [80.496002, 8.533691], [80.495881, 8.533861], [80.495112, 8.534955], [80.495005, 8.535102], [80.494836, 8.535313], [80.494791, 8.535357], [80.494786, 8.535362], [80.494664, 8.535481], [80.49433, 8.535787], [80.49423, 8.535923], [80.494169, 8.536045], [80.494125, 8.536187], [80.494092, 8.536336], [80.494059, 8.536536], [80.494007, 8.536853], [80.493945, 8.537066], [80.49386, 8.537255], [80.493443, 8.538106], [80.49331, 8.538377], [80.491124, 8.539728], [80.487934, 8.541676], [80.488308, 8.542218], [80.488847, 8.543056], [80.489456, 8.543833], [80.490171, 8.544681], [80.49061, 8.543792], [80.490795, 8.543412], [80.491905, 8.541171], [80.492084, 8.540811], [80.492696, 8.539555], [80.492923, 8.539121], [80.493004, 8.538965], [80.493079, 8.53882], [80.49331, 8.538377], [80.493443, 8.538106], [80.49386, 8.537255], [80.493945, 8.537066], [80.494007, 8.536853], [80.494059, 8.536536], [80.494092, 8.536336], [80.494125, 8.536187], [80.494169, 8.536045], [80.49423, 8.535923], [80.49433, 8.535787], [80.494664, 8.535481], [80.494786, 8.535362], [80.494791, 8.535357], [80.494836, 8.535313], [80.495005, 8.535102], [80.495112, 8.534955], [80.495881, 8.533861], [80.496002, 8.533691], [80.496038, 8.53363], [80.497167, 8.531988], [80.497555, 8.531392], [80.497841, 8.530955], [80.497946, 8.530769], [80.49804, 8.530571], [80.498107, 8.530397], [80.498615, 8.529006], [80.498978, 8.527984], [80.499121, 8.527573], [80.49915, 8.527495], [80.499945, 8.525311], [80.500164, 8.524679], [80.500274, 8.524377], [80.500309, 8.524283], [80.500449, 8.523886], [80.500685, 8.523216], [80.500704, 8.523161], [80.500924, 8.522539], [80.501784, 8.520318], [80.501933, 8.519933], [80.502338, 8.518909], [80.502349, 8.518876], [80.502431, 8.518624], [80.502485, 8.518371], [80.50253, 8.517775], [80.502586, 8.51751], [80.50263, 8.517383], [80.503474, 8.515556], [80.503977, 8.514514], [80.504331, 8.513817], [80.504446, 8.513605], [80.505059, 8.512837], [80.505492, 8.512262], [80.505592, 8.51209], [80.505678, 8.511904], [80.50575, 8.511674], [80.505826, 8.511299], [80.505866, 8.511001], [80.505872, 8.510952], [80.505923, 8.510573], [80.506002, 8.510168], [80.506092, 8.509921], [80.506186, 8.509735], [80.50634, 8.509411], [80.507461, 8.507066], [80.508526, 8.504929], [80.50861, 8.504794], [80.508797, 8.504575], [80.508966, 8.504417], [80.510414, 8.503262], [80.510875, 8.502894], [80.511388, 8.502485], [80.511767, 8.502179], [80.511933, 8.501953], [80.512032, 8.501738], [80.512105, 8.501484], [80.512128, 8.501115], [80.512106, 8.500237], [80.512064, 8.498659], [80.512055, 8.49754], [80.512037, 8.496187], [80.512016, 8.495222], [80.512007, 8.494918], [80.511989, 8.494312], [80.511986, 8.49423], [80.511977, 8.494091], [80.51195, 8.493797], [80.511784, 8.492393], [80.511601, 8.49134], [80.511054, 8.489303], [80.511015, 8.489157], [80.510983, 8.489038], [80.510885, 8.488716], [80.510553, 8.487546], [80.510469, 8.487226], [80.510332, 8.486743], [80.510183, 8.486217], [80