{
 "cells": [
  {
   "cell_type": "code",
   "execution_count": 3,
   "metadata": {},
   "outputs": [],
   "source": [
    "import pandas as pd\n",
    "from ortools.constraint_solver import routing_enums_pb2\n",
    "from ortools.constraint_solver import pywrapcp\n",
    "import requests\n",
    "import folium"
   ]
  },
  {
   "cell_type": "code",
   "execution_count": 4,
   "metadata": {},
   "outputs": [],
   "source": [
    "distance_df = pd.read_csv('../data/osrm_distance_matrix.csv', index_col=0)"
   ]
  },
  {
   "cell_type": "code",
   "execution_count": 5,
   "metadata": {},
   "outputs": [],
   "source": [
    "distance_matrix = distance_df.values"
   ]
  },
  {
   "cell_type": "code",
   "execution_count": 6,
   "metadata": {},
   "outputs": [
    {
     "data": {
      "text/plain": [
       "['Nochchiyagama',\n",
       " 'Medawachchiya',\n",
       " 'Medirigiriya',\n",
       " 'Dambulla',\n",
       " 'Chilaw',\n",
       " 'Walipennagahamula',\n",
       " 'Wellawa',\n",
       " 'Polpithigama',\n",
       " 'Maho',\n",
       " 'Galgamuwa',\n",
       " 'Alawwa',\n",
       " 'Narammala',\n",
       " 'Ibbagamuwa',\n",
       " 'Katupotha',\n",
       " 'Pothuhera',\n",
       " 'Polpitigama',\n",
       " 'Ikiriyagolla',\n",
       " 'Anuradapura',\n",
       " 'Aralaganwila',\n",
       " 'Thirappane',\n",
       " 'Dewahuwa',\n",
       " 'Kumbukgate',\n",
       " 'Kithalawa',\n",
       " 'Polgahawela',\n",
       " 'Siyambalagaskotuwa',\n",
       " 'Minuwangate',\n",
       " 'Rambawa',\n",
       " 'Kurunagala',\n",
       " 'Kiribathkumbura']"
      ]
     },
     "execution_count": 6,
     "metadata": {},
     "output_type": "execute_result"
    }
   ],
   "source": [
    "locations = list(distance_df.index)\n",
    "locations"
   ]
  },
  {
   "cell_type": "code",
   "execution_count": 7,
   "metadata": {},
   "outputs": [
    {
     "name": "stdout",
     "output_type": "stream",
     "text": [
      "Distance Matrix (km):\n",
      "[[  0.      53.5289 117.1457  76.1327 102.9948 132.6988 103.9614  70.8661\n",
      "   62.8791  39.612  131.9956 111.311  116.6007  98.5076 113.1894  71.1478\n",
      "  131.9508  31.3265 157.3869  45.4115  73.6527  87.7496 116.8822 123.2267\n",
      "  103.262   73.9666  72.0033 103.8198 145.0332]\n",
      " [ 53.5289   0.     109.7074  79.4945 157.0729 169.4899 140.767   95.8095\n",
      "   96.4586  73.1916 163.2395 144.8905 123.1707 132.0871 144.4334  96.0912\n",
      "  156.1096  25.0779 149.9486  37.9732  87.935  125.6694 150.4617 154.4707\n",
      "  136.8415 107.5461  96.9467 135.9846 163.0233]\n",
      " [117.1457 109.7074   0.      57.749  187.2679 169.9369 119.0216 102.7374\n",
      "  113.4241 106.7332 141.4941 132.9629 101.4253 140.3003 122.688  103.0191\n",
      "  134.3642  92.3079  60.8041  71.743   72.3273 103.924  145.5504 132.7253\n",
      "  142.6954 145.6764 103.8745 114.2391 141.2778]\n",
      " [ 76.1327  79.4945  57.749    0.     129.6105 112.2795  61.3642  45.08\n",
      "   61.1097  68.9922  83.8367  75.3055  43.7679  82.6429  65.0306  45.3616\n",
      "   76.7068  62.0714  98.0133  41.5064  14.6699  46.2666  87.893   75.0678\n",
      "   85.0379  88.019   46.2171  56.5817  83.6204]\n",
      " [102.9948 157.0729 187.2679 129.6105   0.      29.7872  70.619   85.3567\n",
      "   72.5989  84.4105  71.657   54.5425  85.477   50.2905  70.8155  90.7996\n",
      "   86.1218 134.9071 227.1504 135.5966 124.5179  73.6034  41.6952  72.5522\n",
      "   57.2586  62.9068  84.8316  70.4774 119.8644]\n",
      " [132.6988 169.4899 169.9369 112.2795  29.7872   0.      65.1516  85.6519\n",
      "   78.2614  96.3595  48.8106  37.2312  68.1656  42.7585  53.5042  86.503\n",
      "   68.8105 147.3408 209.8391 153.3323 107.2066  73.8985  24.3839  55.2409\n",
      "   39.9473  63.202   85.1267  58.0767 102.5531]\n",
      " [103.9614 140.767  119.0216  61.3642  70.619   65.1516   0.      30.022\n",
      "   46.333   64.4311  37.0724  28.5413  17.614   35.8787  18.2663  30.8731\n",
      "   35.5117 123.3455 159.2874 102.7806  56.6549  18.2686  41.1288  28.3036\n",
      "   38.2737  31.2736  29.4968   9.8175  48.5941]\n",
      " [ 70.8661  95.8095 102.7374  45.08    85.3567  85.6519  30.022    0.\n",
      "   17.8918  32.1926  67.0994  58.5683  31.5688  48.284   48.2933   0.8541\n",
      "   65.5387  82.3043 143.0043  57.8177  30.0264  16.8835  66.6586  58.3306\n",
      "   53.0384  34.2093   1.1372  39.8445  78.6211]\n",
      " [ 62.8791  96.4586 113.4241  61.1097  72.5989  78.2614  46.333   17.8918\n",
      "    0.      23.3282  74.3465  53.662   45.8613  40.8585  55.5404  18.2007\n",
      "   74.3017  74.3094 153.6093  69.3664  46.0835  31.176   59.2331  65.5777\n",
      "   45.613   16.3176  19.0562  46.1708  87.3841]\n",
      " [ 39.612   73.1916 106.7332  68.9922  84.4105  96.3595  64.4311  32.1926\n",
      "   23.3282   0.      92.3835  71.6989  76.9887  58.8955  73.5774  32.5302\n",
      "   92.3387  51.1061 147.0122  51.7956  59.717   49.132   77.2701  83.6147\n",
      "   63.6499  34.3545  33.3857  64.2077 105.4211]\n",
      " [131.9956 163.2395 141.4941  83.8367  71.657   48.8106  37.0724  67.0994\n",
      "   74.3465  92.3835   0.      17.1128  41.7216  29.9034  18.8287  67.964\n",
      "   28.0656 147.4532 183.395  126.8882  80.7626  56.459   29.9473   8.8165\n",
      "   27.0922  59.2239  66.5877  30.0159  47.6517]\n",
      " [111.311  144.8905 132.9629  75.3055  54.5425  37.2312  28.5413  58.5683\n",
      "   53.662   71.6989  17.1128   0.      31.1762  13.0241  16.5148  59.0354\n",
      "   31.8211 122.9804 172.8497 116.3429  70.2172  45.9136  13.0679  18.2515\n",
      "   10.2128  38.8416  57.6591  21.0873  59.6087]\n",
      " [116.6007 123.1707 101.4253  43.7679  85.477   68.1656  17.614   31.5688\n",
      "   45.8613  76.9887  41.7216  31.1762   0.      38.8927  21.2803  32.4408\n",
      "   32.9566 105.7493 141.6911  85.1843  39.0586  14.7374  44.1428  31.3176\n",
      "   41.2877  44.2687  31.0645  12.8315  46.039 ]\n",
      " [ 98.5076 132.0871 140.3003  82.6429  50.2905  42.7585  35.8787  48.284\n",
      "   40.8585  58.8955  29.9034  13.0241  38.8927   0.      29.0764  49.1186\n",
      "   44.3827 109.9563 180.2103 123.7035  77.5778  36.5141  18.3746  30.8131\n",
      "    4.7544  25.8175  47.7423  25.7559  66.9693]\n",
      " [113.1894 144.4334 122.688   65.0306  70.8155  53.5042  18.2663  48.2933\n",
      "   55.5404  73.5774  18.8287  16.5148  21.2803  29.0764   0.      49.1578\n",
      "   21.9484 128.647  164.5889 108.0821  61.9564  37.6528  29.1329  10.0599\n",
      "   26.2778  40.4177  47.7815  11.2097  49.6644]\n",
      " [ 71.1478  96.0912 103.0191  45.3616  90.7996  86.503   30.8731   0.8541\n",
      "   18.2007  32.5302  67.964   59.0354  32.4408  49.1186  49.1578   0.\n",
      "   66.3898  82.586  143.286   58.0994  30.3081  17.7346  67.5097  59.1817\n",
      "   53.8896  34.491    1.9883  40.6956  79.4722]\n",
      " [131.9508 156.1096 134.3642  76.7068  86.1218  68.8105  35.5117  65.5387\n",
      "   74.3017  92.3387  28.0656  31.8211  32.9566  44.3827  21.9484  66.3898\n",
      "    0.     138.6881 174.63   118.1232  71.9975  47.694   44.4392  19.3254\n",
      "   41.5841  59.2475  65.0404  29.7841  27.2424]\n",
      " [ 31.3265  25.0779  92.3079  62.0714 134.9071 147.3408 123.3455  82.3043\n",
      "   74.3094  51.1061 147.4532 122.9804 105.7493 109.9563 128.647   82.586\n",
      "  138.6881   0.     132.5579  20.5825  70.5443  99.1031 128.2357 137.08\n",
      "  114.6155  85.3201  83.3568 118.5939 145.6326]\n",
      " [157.3869 149.9486  60.8041  98.0133 227.1504 209.8391 159.2874 143.0043\n",
      "  153.6093 147.0122 183.395  172.8497 141.6911 180.2103 164.5889 143.286\n",
      "  174.63   132.5579   0.     111.9441 112.5284 144.1251 185.7515 172.9263\n",
      "  182.8964 185.8775 144.0756 154.4402 148.0674]\n",
      " [ 45.4115  37.9732  71.743   41.5064 135.5966 153.3323 102.7806  57.8177\n",
      "   69.3664  51.7956 126.8882 116.3429  85.1843 123.7035 108.0821  58.0994\n",
      "  118.1232  20.5825 111.9441   0.      49.9618  87.6962 129.3227 116.4975\n",
      "  126.4676  86.0628  58.9735  98.0114 125.0501]\n",
      " [ 73.6527  87.935   72.3273  14.6699 124.5179 107.2066  56.6549  30.0264\n",
      "   46.0835  59.717   80.7626  70.2172  39.0586  77.5778  61.9564  30.3081\n",
      "   71.9975  70.5443 112.5284  49.9618   0.      41.5748  83.2012  70.376\n",
      "   80.3462  83.3272  31.1636  51.8899  85.0974]\n",
      " [ 87.7496 125.6694 103.924   46.2666  73.6034  73.8985  18.2686  16.8835\n",
      "   31.176   49.132   56.459   45.9136  14.7374  36.5141  37.6528  17.7346\n",
      "   47.694   99.1031 144.1251  87.6962  41.5748   0.      58.8802  46.055\n",
      "   41.244   26.8027  16.3792  27.5689  60.7764]\n",
      " [116.8822 150.4617 145.5504  87.893   41.6952  24.3839  41.1288  66.6586\n",
      "   59.2331  77.2701  29.9473  13.0679  44.1428  18.3746  29.1329  67.5097\n",
      "   44.4392 128.2357 185.7515 129.3227  83.2012  58.8802   0.      30.857\n",
      "   15.5633  44.1921  66.1169  33.6928  78.1692]\n",
      " [123.2267 154.4707 132.7253  75.0678  72.5522  55.2409  28.3036  58.3306\n",
      "   65.5777  83.6147   8.8165  18.2515  31.3176  30.8131  10.0599  59.1817\n",
      "   19.3254 137.08   172.9263 116.4975  70.376   46.055   30.857    0.\n",
      "   28.138   50.5785  57.9423  21.3705  40.97  ]\n",
      " [103.262  136.8415 142.6954  85.0379  57.2586  39.9473  38.2737  53.0384\n",
      "   45.613   63.6499  27.0922  10.2128  41.2877   4.7544  26.2778  53.8896\n",
      "   41.5841 114.6155 182.8964 126.4676  80.3462  41.244   15.5633  28.138\n",
      "    0.      30.572   52.4967  30.8377  75.3141]\n",
      " [ 73.9666 107.5461 145.6764  88.019   62.9068  63.202   31.2736  34.2093\n",
      "   16.3176  34.3545  59.2239  38.8416  44.2687  25.8175  40.4177  34.491\n",
      "   59.2475  85.3201 185.8775  86.0628  83.3272  26.8027  44.1921  50.5785\n",
      "   30.572    0.      35.3738  31.1114  72.3247]\n",
      " [ 72.0033  96.9467 103.8745  46.2171  84.8316  85.1267  29.4968   1.1372\n",
      "   19.0562  33.3857  66.5877  57.6591  31.0645  47.7423  47.7815   1.9883\n",
      "   65.0404  83.3568 144.0756  58.9735  31.1636  16.3792  66.1169  57.9423\n",
      "   52.4967  35.3738   0.      39.3193  78.0959]\n",
      " [103.8198 135.9846 114.2391  56.5817  70.4774  58.0767   9.8175  39.8445\n",
      "   46.1708  64.2077  30.0159  21.0873  12.8315  25.7559  11.2097  40.6956\n",
      "   29.7841 118.5939 154.4402  98.0114  51.8899  27.5689  33.6928  21.3705\n",
      "   30.8377  31.1114  39.3193   0.      43.0247]\n",
      " [145.0332 163.0233 141.2778  83.6204 119.8644 102.5531  48.5941  78.6211\n",
      "   87.3841 105.4211  47.6517  59.6087  46.039   66.9693  49.6644  79.4722\n",
      "   27.2424 145.6326 148.0674 125.0501  85.0974  60.7764  78.1692  40.97\n",
      "   75.3141  72.3247  78.0959  43.0247   0.    ]]\n",
      "\n",
      "Locations:\n",
      "['Nochchiyagama', 'Medawachchiya', 'Medirigiriya', 'Dambulla', 'Chilaw', 'Walipennagahamula', 'Wellawa', 'Polpithigama', 'Maho', 'Galgamuwa', 'Alawwa', 'Narammala', 'Ibbagamuwa', 'Katupotha', 'Pothuhera', 'Polpitigama', 'Ikiriyagolla', 'Anuradapura', 'Aralaganwila', 'Thirappane', 'Dewahuwa', 'Kumbukgate', 'Kithalawa', 'Polgahawela', 'Siyambalagaskotuwa', 'Minuwangate', 'Rambawa', 'Kurunagala', 'Kiribathkumbura']\n"
     ]
    }
   ],
   "source": [
    "# Display the matrix\n",
    "print(\"Distance Matrix (km):\")\n",
    "print(distance_matrix)\n",
    "\n",
    "print(\"\\nLocations:\")\n",
    "print(locations)"
   ]
  },
  {
   "cell_type": "code",
   "execution_count": 8,
   "metadata": {},
   "outputs": [
    {
     "data": {
      "text/plain": [
       "28"
      ]
     },
     "execution_count": 8,
     "metadata": {},
     "output_type": "execute_result"
    }
   ],
   "source": [
    "depot = 'Kiribathkumbura'\n",
    "depot_index = locations.index(depot)\n",
    "depot_index"
   ]
  },
  {
   "cell_type": "code",
   "execution_count": 9,
   "metadata": {},
   "outputs": [
    {
     "name": "stdout",
     "output_type": "stream",
     "text": [
      "\n",
      "Optimal Route:\n",
      "Kiribathkumbura -> Ikiriyagolla -> Polgahawela -> Alawwa -> Kithalawa -> Walipennagahamula -> Chilaw -> Katupotha -> Siyambalagaskotuwa -> Narammala -> Pothuhera -> Kurunagala -> Wellawa -> Kumbukgate -> Rambawa -> Polpitigama -> Polpithigama -> Maho -> Minuwangate -> Galgamuwa -> Nochchiyagama -> Anuradapura -> Medawachchiya -> Thirappane -> Aralaganwila -> Medirigiriya -> Dambulla -> Dewahuwa -> Ibbagamuwa -> Kiribathkumbura\n",
      "Total Distance: 812.61 km\n"
     ]
    }
   ],
   "source": [
    "# Create Routing Index Manager\n",
    "manager = pywrapcp.RoutingIndexManager(\n",
    "    len(distance_matrix), 1, depot_index\n",
    ")  # Single vehicle, depot at index 0\n",
    "\n",
    "# Create Routing Model\n",
    "routing = pywrapcp.RoutingModel(manager)\n",
    "\n",
    "\n",
    "# Distance callback function\n",
    "def distance_callback(from_index, to_index):\n",
    "    from_node = manager.IndexToNode(from_index)\n",
    "    to_node = manager.IndexToNode(to_index)\n",
    "    return int(distance_matrix[from_node][to_node])\n",
    "\n",
    "\n",
    "# Register the callback\n",
    "transit_callback_index = routing.RegisterTransitCallback(distance_callback)\n",
    "routing.SetArcCostEvaluatorOfAllVehicles(transit_callback_index)\n",
    "\n",
    "# Search Parameters\n",
    "search_parameters = pywrapcp.DefaultRoutingSearchParameters()\n",
    "search_parameters.first_solution_strategy = (\n",
    "    routing_enums_pb2.FirstSolutionStrategy.PATH_CHEAPEST_ARC\n",
    ")\n",
    "\n",
    "# Solve\n",
    "solution = routing.SolveWithParameters(search_parameters)\n",
    "\n",
    "# Print solution with total distance\n",
    "if solution:\n",
    "    print(\"\\nOptimal Route:\")\n",
    "    index = routing.Start(0)\n",
    "    total_distance = 0\n",
    "    route_order = []\n",
    "\n",
    "    while not routing.IsEnd(index):\n",
    "        route_order.append(locations[manager.IndexToNode(index)])\n",
    "        next_index = solution.Value(routing.NextVar(index))\n",
    "        total_distance += distance_matrix[manager.IndexToNode(index)][\n",
    "            manager.IndexToNode(next_index)\n",
    "        ]\n",
    "        index = next_index\n",
    "\n",
    "    route_order.append(locations[manager.IndexToNode(index)])  # Return to depot\n",
    "\n",
    "    print(\" -> \".join(route_order))\n",
    "    print(f\"Total Distance: {total_distance:.2f} km\")\n",
    "else:\n",
    "    print(\"No solution found.\")"
   ]
  },
  {
   "cell_type": "code",
   "execution_count": 9,
   "metadata": {},
   "outputs": [],
   "source": [
    "gps_df = pd.read_csv('../data/data_gps.csv')"
   ]
  },
  {
   "cell_type": "code",
   "execution_count": 10,
   "metadata": {},
   "outputs": [],
   "source": [
    "unique_locations = gps_df.drop_duplicates(subset=[\"ADDRESS\"])[\n",
    "    [\"ADDRESS\", \"LATITUDE\", \"LONGITUDE\"]\n",
    "]"
   ]
  },
  {
   "cell_type": "code",
   "execution_count": 11,
   "metadata": {},
   "outputs": [
    {
     "data": {
      "text/plain": [
       "'Medawachchiya'"
      ]
     },
     "execution_count": 11,
     "metadata": {},
     "output_type": "execute_result"
    }
   ],
   "source": [
    "unique_locations.iloc[1][\"ADDRESS\"]"
   ]
  },
  {
   "cell_type": "code",
   "execution_count": 12,
   "metadata": {},
   "outputs": [],
   "source": [
    "towns = {\n",
    "    unique_locations.iloc[i][\"ADDRESS\"]: [\n",
    "        unique_locations.iloc[i][\"LATITUDE\"],\n",
    "        unique_locations.iloc[i][\"LONGITUDE\"],\n",
    "    ]\n",
    "    for i in range(len(unique_locations))\n",
    "}"
   ]
  },
  {
   "cell_type": "code",
   "execution_count": 13,
   "metadata": {},
   "outputs": [
    {
     "data": {
      "text/plain": [
       "{'Nochchiyagama': [np.float64(8.2640142), np.float64(80.2105099)],\n",
       " 'Medawachchiya': [np.float64(8.5387775), np.float64(80.492996)],\n",
       " 'Medirigiriya': [np.float64(8.1423253), np.float64(80.971342)],\n",
       " 'Dambulla': [np.float64(7.8742031), np.float64(80.6510917)],\n",
       " 'Chilaw': [np.float64(7.5765074), np.float64(79.7956755)],\n",
       " 'Walipennagahamula': [np.float64(7.4307776), np.float64(79.9298775)],\n",
       " 'Wellawa': [np.float64(7.5581214), np.float64(80.3664063)],\n",
       " 'Polpithigama': [np.float64(7.8172167), np.float64(80.4049605)],\n",
       " 'Maho': [np.float64(7.8239143), np.float64(80.273567)],\n",
       " 'Galgamuwa': [np.float64(7.9956682), np.float64(80.2706117)],\n",
       " 'Alawwa': [np.float64(7.2933377), np.float64(80.2387243)],\n",
       " 'Narammala': [np.float64(7.43073), np.float64(80.2143788)],\n",
       " 'Ibbagamuwa': [np.float64(7.5479128), np.float64(80.4496417)],\n",
       " 'Katupotha': [np.float64(7.53362), np.float64(80.1875737)],\n",
       " 'Pothuhera': [np.float64(7.4198002), np.float64(80.3282461)],\n",
       " 'Polpitigama': [np.float64(7.8204405), np.float64(80.4009071)],\n",
       " 'Ikiriyagolla': [np.float64(7.3374134), np.float64(80.4016614)],\n",
       " 'Anuradapura': [np.float64(8.3681682), np.float64(80.43998206)],\n",
       " 'Aralaganwila': [np.float64(7.782607), np.float64(81.184693)],\n",
       " 'Thirappane': [np.float64(8.2157151), np.float64(80.5229819)],\n",
       " 'Dewahuwa': [np.float64(7.8456614), np.float64(80.5737567)],\n",
       " 'Kumbukgate': [np.float64(7.6760968), np.float64(80.424747)],\n",
       " 'Kithalawa': [np.float64(7.4607943), np.float64(80.109762)],\n",
       " 'Polgahawela': [np.float64(7.3352583), np.float64(80.3002463)],\n",
       " 'Siyambalagaskotuwa': [np.float64(7.4980356), np.float64(80.1816287)],\n",
       " 'Minuwangate': [np.float64(7.7043036), np.float64(80.2471717)],\n",
       " 'Rambawa': [np.float64(7.809767), np.float64(80.3996726)],\n",
       " 'Kurunagala': [np.float64(7.4959317), np.float64(80.36193006)],\n",
       " 'Kiribathkumbura': [7.2726897, 80.5618714]}"
      ]
     },
     "execution_count": 13,
     "metadata": {},
     "output_type": "execute_result"
    }
   ],
   "source": [
    "towns['Kiribathkumbura'] = [7.2726897, 80.5618714]\n",
    "towns"
   ]
  },
  {
   "cell_type": "code",
   "execution_count": 19,
   "metadata": {},
   "outputs": [],
   "source": [
    "# Function to fetch actual road path using OSRM\n",
    "def get_actual_road_path(town_coords):\n",
    "    \"\"\"\n",
    "    Fetch the actual road path from OSRM API.\n",
    "    :param town_coords: List of coordinates for the towns in the route.\n",
    "    :return: GeoJSON road path coordinates.\n",
    "    \"\"\"\n",
    "    # Format coordinates for OSRM API\n",
    "    coords = \";\".join([f\"{lon},{lat}\" for lat, lon in town_coords])\n",
    "\n",
    "    # OSRM API URL\n",
    "    url = f\"http://router.project-osrm.org/route/v1/car/{coords}?overview=full&geometries=geojson\"\n",
    "\n",
    "    # Make the API request\n",
    "    response = requests.get(url)\n",
    "    if response.status_code == 200:\n",
    "        data = response.json()\n",
    "        if \"routes\" in data and len(data[\"routes\"]) > 0:\n",
    "            coordinates = data[\"routes\"][0][\"geometry\"][\"coordinates\"]\n",
    "            print(coordinates)\n",
    "            return coordinates\n",
    "    return None\n",
    "\n",
    "\n",
    "# Visualize routes\n",
    "def visualize_routes(route, towns):\n",
    "    \"\"\"\n",
    "    Visualize the actual road path on a map.\n",
    "    :param route: List of town names in the route.\n",
    "    :param towns: Dictionary of town names and their coordinates.\n",
    "    :return: Folium map object.\n",
    "    \"\"\"\n",
    "    # Create a base map centered around Kiribathkumbura\n",
    "    kiribathkumbura_coords = towns[\"Nochchiyagama\"]\n",
    "    folium_map = folium.Map(location=kiribathkumbura_coords, zoom_start=10)\n",
    "\n",
    "    # Get coordinates for the towns in the route\n",
    "    route_coords = [towns[town] for town in route]\n",
    "    \n",
    "\n",
    "    # Fetch the actual road path\n",
    "    road_path = get_actual_road_path(route_coords)\n",
    "    print(road_path)\n",
    "\n",
    "    # Plot the road path on the map\n",
    "    if road_path:\n",
    "        folium.PolyLine(\n",
    "            [(lat, lon) for lon, lat in road_path], color=\"blue\", weight=5, opacity=0.7\n",
    "        ).add_to(folium_map)\n",
    "    else:\n",
    "        print(\"Could not fetch road path from OSRM.\")\n",
    "\n",
    "    # Add markers for each town\n",
    "    for town in route:\n",
    "        coord = towns[town]\n",
    "        folium.Marker(location=coord, popup=town).add_to(folium_map)\n",
    "\n",
    "    return folium_map"
   ]
  },
  {
   "cell_type": "code",
   "execution_count": 20,
   "metadata": {},
   "outputs": [
    {
     "data": {
      "text/plain": [
       "['Kiribathkumbura',\n",
       " 'Ikiriyagolla',\n",
       " 'Pothuhera',\n",
       " 'Kurunagala',\n",
       " 'Wellawa',\n",
       " 'Ibbagamuwa',\n",
       " 'Kumbukgate',\n",
       " 'Rambawa',\n",
       " 'Polpithigama',\n",
       " 'Polpitigama',\n",
       " 'Dewahuwa',\n",
       " 'Dambulla',\n",
       " 'Medirigiriya',\n",
       " 'Aralaganwila',\n",
       " 'Thirappane',\n",
       " 'Medawachchiya',\n",
       " 'Anuradapura',\n",
       " 'Nochchiyagama',\n",
       " 'Galgamuwa',\n",
       " 'Maho',\n",
       " 'Minuwangate',\n",
       " 'Chilaw',\n",
       " 'Walipennagahamula',\n",
       " 'Kithalawa',\n",
       " 'Siyambalagaskotuwa',\n",
       " 'Katupotha',\n",
       " 'Narammala',\n",
       " 'Alawwa',\n",
       " 'Polgahawela',\n",
       " 'Kiribathkumbura']"
      ]
     },
     "execution_count": 20,
     "metadata": {},
     "output_type": "execute_result"
    }
   ],
   "source": [
    "route_order"
   ]
  },
  {
   "cell_type": "code",
   "execution_count": 21,
   "metadata": {},
   "outputs": [
    {
     "name": "stdout",
     "output_type": "stream",
     "text": [
